 Real (not reduced) forces for first 50 atoms:
  5.735803843363786E-016  5.718823962240744E-016  5.718823962240744E-016
 -6.079540311848380E-016 -6.114349068150617E-016  5.715852483044211E-016
  5.740048813644547E-016 -6.105965251846115E-016 -6.094079335059986E-016
 -6.100871287509202E-016  5.681468223770050E-016 -6.094503832088061E-016
  5.727738399830341E-016  5.700570590033473E-016  5.823250231147456E-016
 -6.041335579321535E-016 -6.061711436669186E-016  5.826221710343989E-016
  5.299845395529668E-016 -5.656847396141639E-016 -2.493495542918804E-016
 -5.663639348590856E-016  5.247207764048236E-016 -2.490524063722272E-016
  4.450426842349463E-016  4.403307672233020E-016  4.244970280760647E-019
 -4.762750530756428E-016 -4.800955263283273E-016  4.244970280760647E-019
  5.315127288540406E-016 -5.680619229713898E-016  2.474817673683457E-016
 -5.626283610120162E-016  5.282865514406625E-016  2.475666667739610E-016
  5.725615914689962E-016  5.671280295096225E-016 -5.809666326249022E-016
 -6.051523507995360E-016 -6.099067175139879E-016 -5.829617686568597E-016
  5.763820647216807E-016 -6.129737085418375E-016  5.757877688823743E-016
 -6.080495430161551E-016  5.751085736374525E-016  5.760849168020275E-016
  6.175582764450590E-016  6.128039097306071E-016  1.782887517919472E-018
 -6.520168226991335E-016 -6.547336036788203E-016  1.613088706689046E-018
  5.748538754206069E-016 -6.105965251846115E-016 -5.573645978638730E-016
 -6.099173299396899E-016  5.717125974128440E-016 -5.570674499442197E-016
  5.304939359866581E-016  5.277771550069713E-016 -1.485739598266227E-017
 -5.611744586908556E-016 -5.655892277828468E-016 -1.481494627985466E-017
  5.354605512151481E-016 -5.693354140556181E-016  1.163206756334033E-015
 -5.691656152443876E-016  5.377528351667588E-016  1.162570010791918E-015
  5.332531666691525E-016  5.380075333836045E-016 -1.164225549201415E-015
 -5.666080206502293E-016 -5.708529909309899E-016 -1.164267998904223E-015
  5.315764034082521E-016 -5.640928757588786E-016  3.285606997308741E-017
 -5.583091037513422E-016  5.316613028138673E-016  3.311076818993305E-017
  5.723599553806600E-016  5.815397036128049E-016  5.743869286897232E-016
 -5.641565503130900E-016 -2.461658265813099E-016  5.296024922276983E-016
  5.313535424685121E-016 -2.474180928141344E-016 -5.656847396141639E-016
 -6.027114928880986E-016  5.807862213879699E-016 -6.086066953655049E-016
  5.689215294532439E-016  5.807756089622680E-016  5.831315674680902E-016
 -5.596568818154838E-016 -2.481609626132675E-016  5.391112256566022E-016
  4.869936030345634E-016 -2.936033694688102E-016 -2.924784523444086E-016
 -5.556029351973574E-016  5.379120215522873E-016 -2.494079226332409E-016
  4.392376873760061E-016  4.484174356081510E-016  3.395976224608518E-019
 -4.325624716095100E-016 -2.531275778417574E-016  4.244970280760647E-019
  4.885642420384448E-016 -2.933486712519645E-016  2.926482511556390E-016
 -5.573009233096616E-016  5.387610156084395E-016  2.485270912999831E-016
  5.729118015171588E-016  5.806058101510375E-016 -5.824523722231684E-016
 -5.613548699277880E-016 -2.495193531031109E-016 -5.380075333836045E-016
  5.310988442516665E-016 -2.482670868702865E-016  5.316400779624635E-016
 -6.046800978558014E-016  5.809560201992003E-016  5.762175721233012E-016
  6.153190546219577E-016  6.267061874000981E-016  1.867786923534685E-018
 -6.096626317228442E-016 -3.357346995053596E-016  1.613088706689046E-018
  5.320327377134338E-016 -2.489038324124006E-016 -5.121132146709645E-016
 -6.025735313539739E-016  5.831634047451958E-016 -5.583091037513422E-016
  5.242219923968343E-016  5.362034210142812E-016 -1.439044925177860E-017
 -5.132169069439623E-016 -1.603325275043297E-016 -1.634313558092849E-017
