 Number of atoms:        1372
 Temperature:   299.999999999998     
 step, time (ps), etotal, epot, Ecohesive, ekin, temperature
   1    0.207999996   -0.030433358  -86.560485700   -0.063090733    0.032657375  252.648749785
   2    0.415999992   -0.029076269  -64.568163171   -0.047061343    0.017985074  139.138753533
   3    0.623999988   -0.029325668  -57.562373195   -0.041955083    0.012629415   97.705520633
   4    0.831999984   -0.030182064  -63.937202996   -0.046601460    0.016419396  127.026123388
   5    1.039999980   -0.029819783  -64.471234509   -0.046990696    0.017170913  132.840118097
   6    1.247999976   -0.029719657  -64.202841838   -0.046795074    0.017075417  132.101329188
   7    1.455999971   -0.029849336  -65.637939403   -0.047841064    0.017991728  139.190231164
   8    1.663999967   -0.029819588  -66.645964248   -0.048575776    0.018756188  145.104358315
   9    1.871999963   -0.029816319  -67.649790085   -0.049307427    0.019491108  150.789953617
  10    2.079999959   -0.029814723  -67.908546003   -0.049496025    0.019681302  152.261360961
  11    2.287999955   -0.029731891  -67.542846547   -0.049229480    0.019497589  150.840091337
  12    2.495999951   -0.029805441  -68.056920952   -0.049604170    0.019798729  153.169816214
  13    2.703999947   -0.029793611  -68.091967679   -0.049629714    0.019836103  153.458954774
  14    2.911999943   -0.029734117  -68.064343561   -0.049609580    0.019875463  153.763452045
  15    3.119999939   -0.029809934  -68.766488147   -0.050121347    0.020311413  157.136117322
  16    3.327999935   -0.029812130  -68.943862981   -0.050250629    0.020438499  158.119296122
  17    3.535999931   -0.029783077  -68.328235348   -0.049801921    0.020018844  154.872700376
  18    3.743999927   -0.029737655  -68.114480165   -0.049646123    0.019908468  154.018790598
  19    3.951999922   -0.029831571  -68.891004985   -0.050212103    0.020380532  157.670844749
  20    4.159999918   -0.029761300  -68.809473864   -0.050152678    0.020391378  157.754750589
  21    4.367999914   -0.029759144  -68.538279923   -0.049955015    0.020195871  156.242242426
  22    4.575999910   -0.029756893  -68.085411061   -0.049624935    0.019868042  153.706047355
  23    4.783999906   -0.029696386  -67.971894347   -0.049542197    0.019845811  153.534056331
  24    4.991999902   -0.029683695  -68.392559957   -0.049848805    0.020165109  156.004258224
  25    5.199999898   -0.029701381  -68.651925570   -0.050037847    0.020336465  157.329930025
  26    5.407999894   -0.029682291  -68.612278807   -0.050008950    0.020326659  157.254064250
  27    5.615999890   -0.029614353  -68.497069843   -0.049924978    0.020310625  157.130016091
  28    5.823999886   -0.029657036  -69.009014777   -0.050298116    0.020641080  159.686529591
  29    6.031999882   -0.029712554  -69.193801542   -0.050432800    0.020720246  160.298990767
  30    6.239999878   -0.029623485  -68.345138121   -0.049814241    0.020190755  156.202664429
  31    6.447999873   -0.029638231  -67.785690747   -0.049406480    0.019768249  152.934008203
  32    6.655999869   -0.029604889  -67.526805750   -0.049217788    0.019612899  151.732171650
  33    6.863999865   -0.029635899  -68.319189173   -0.049795327    0.020159428  155.960308402
  34    7.071999861   -0.029726412  -69.387176598   -0.050573744    0.020847332  161.282170921
  35    7.279999857   -0.029624602  -68.885438500   -0.050208046    0.020583444  159.240637843
  36    7.487999853   -0.029690535  -68.588608074   -0.049991697    0.020301161  157.056805639
  37    7.695999849   -0.029672897  -68.401373741   -0.049855229    0.020182332  156.137498348
  38    7.903999845   -0.029707123  -68.176748701   -0.049691508    0.019984385  154.606113821
  39    8.111999841   -0.029637303  -67.551231580   -0.049235592    0.019598289  151.619141661
  40    8.319999837   -0.029621058  -67.792902807   -0.049411737    0.019790679  153.107537158
  41    8.527999833   -0.029722491  -69.010114452   -0.050298917    0.020576426  159.186349066
  42    8.735999829   -0.029672650  -69.049215877   -0.050327417    0.020654767  159.792421886
  43    8.943999824   -0.029656323  -68.505015732   -0.049930769    0.020274446  156.850126499
  44    9.151999820   -0.029691942  -68.193749435   -0.049703899    0.020011957  154.819423344
  45    9.359999816   -0.029560678  -67.866159291   -0.049465131    0.019904452  153.987726097
  46    9.567999812   -0.029731863  -68.886272676   -0.050208654    0.020476790  158.415532944
  47    9.775999808   -0.029594671  -68.806927180   -0.050150822    0.020556151  159.029491110
  48    9.983999804   -0.029658492  -68.899263342   -0.050218122    0.020559630  159.056408386
  49   10.191999800   -0.029608562  -68.476383139   -0.049909900    0.020301338  157.058172711
  50   10.399999796   -0.029625606  -68.248336601   -0.049743686    0.020118080  155.640422055
  51   10.607999792   -0.029608033  -68.079829532   -0.049620867    0.020012834  154.826208454
  52   10.815999788   -0.029638482  -68.189104192   -0.049700513    0.020062031  155.206808908
  53   11.023999784   -0.029594723  -68.163677562   -0.049681981    0.020087257  155.401970552
  54   11.231999780   -0.029602994  -68.558445552   -0.049969713    0.020366719  157.563980646
  55   11.439999775   -0.029565013  -68.646215136   -0.050033685    0.020468671  158.352718616
  56   11.647999771   -0.029621140  -68.649976003   -0.050036426    0.020415286  157.939711593
  57   11.855999767   -0.029525577  -68.129046981   -0.049656740    0.020131163  155.741640897
  58   12.063999763   -0.029559201  -68.290154845   -0.049774165    0.020214965  156.389958616
  59   12.271999759   -0.029553322  -68.330193061   -0.049803348    0.020250026  156.661202189
  60   12.479999755   -0.029509933  -68.162855995   -0.049681382    0.020171449  156.053306270
  61   12.687999751   -0.029558957  -68.596562280   -0.049997494    0.020438537  158.119591334
  62   12.895999747   -0.029607787  -69.175941255   -0.050419782    0.020811995  161.008790160
  63   13.103999743   -0.029487338  -68.634637281   -0.050025246    0.020537908  158.888356076
  64   13.311999739   -0.029497300  -68.464111643   -0.049900956    0.020403656  157.849738895
  65   13.519999735   -0.029493325  -68.483289647   -0.049914934    0.020421609  157.988629655
  66   13.727999731   -0.029495932  -68.560966634   -0.049971550    0.020475618  158.406465223
  67   13.935999726   -0.029513360  -68.381432363   -0.049840694    0.020327334  157.259286785
  68   14.143999722   -0.029471992  -67.976767826   -0.049545749    0.020073757  155.297524471
  69   14.351999718   -0.029552719  -67.830808540   -0.049439365    0.019886646  153.849969888
  70   14.559999714   -0.029417511  -67.103604193   -0.048909333    0.019491822  150.795473846
  71   14.767999710   -0.029472017  -67.981424159   -0.049549143    0.020077126  155.323593472
  72   14.975999706   -0.029576116  -69.076962466   -0.050347640    0.020771524  160.695692829
  73   15.183999702   -0.029528987  -68.349749390   -0.049817602    0.020288615  156.959738999
  74   15.391999698   -0.029389956  -67.338859442   -0.049080801    0.019690846  152.335192357
  75   15.599999694   -0.029543166  -68.172388916   -0.049688330    0.020145164  155.849954014
  76   15.807999690   -0.029517939  -68.550082507   -0.049963617    0.020445678  158.174837653
  77   16.015999686   -0.029505963  -68.410180171   -0.049861647    0.020355684  157.478614213
  78   16.223999682   -0.029495920  -68.061011863   -0.049607152    0.020111231  155.587440255
  79   16.431999677   -0.029455246  -68.313547469   -0.049791215    0.020335970  157.326095338
  80   16.639999673   -0.029557248  -69.124897659   -0.050382578    0.020825331  161.111960985
  81   16.847999669   -0.029459732  -68.326782245   -0.049800862    0.020341130  157.366012893
  82   17.055999665   -0.029482791  -67.771770986   -0.049396335    0.019913544  154.058063487
  83   17.263999661   -0.029416113  -67.838640414   -0.049445073    0.020028960  154.950959809
  84   17.471999657   -0.029463837  -68.882756965   -0.050206091    0.020742254  160.469251016
  85   17.679999653   -0.029499879  -69.631581545   -0.050751882    0.021252002  164.412839078
  86   17.887999649   -0.029461038  -69.102837600   -0.050366500    0.020905462  161.731883073
  87   18.095999645   -0.029402969  -68.222480868   -0.049724840    0.020321871  157.217021118
  88   18.303999641   -0.029506642  -68.016469863   -0.049574686    0.020068044  155.253328677
  89   18.511999637   -0.029328737  -67.237928957   -0.049007237    0.019678500  152.239678644
  90   18.719999633   -0.029449504  -67.933367133   -0.049514116    0.020064612  155.226778526
  91   18.927999628   -0.029460137  -67.992141565   -0.049556954    0.020096818  155.475932957
  92   19.135999624   -0.029369586  -67.358015846   -0.049094764    0.019725178  152.600799782
  93   19.343999620   -0.029352794  -67.729572774   -0.049365578    0.020012784  154.825820146
  94   19.551999616   -0.029424844  -68.606650635   -0.050004847    0.020580003  159.214021120
  95   19.759999612   -0.029384255  -68.758884645   -0.050115805    0.020731550  160.386438560
  96   19.967999608   -0.029351588  -68.617093880   -0.050012459    0.020660871  159.839645116
  97   20.175999604   -0.029420150  -68.624918029   -0.050018162    0.020598012  159.353343180
  98   20.383999600   -0.029355119  -67.967307280   -0.049538854    0.020183735  156.148354379
  99   20.591999596   -0.029352884  -67.435793728   -0.049151453    0.019798569  153.168579097
 100   20.799999592   -0.029289862  -67.199322309   -0.048979098    0.019689236  152.322741993
 101   21.007999588   -0.029356192  -67.912325542   -0.049498780    0.020142588  155.830024538
 102   21.215999584   -0.029415686  -68.389419673   -0.049846516    0.020430829  158.059962149
 103   21.423999579   -0.029279969  -67.616538772   -0.049283192    0.020003222  154.751845923
 104   21.631999575   -0.029260395  -67.888783060   -0.049481620    0.020221225  156.438388769
 105   21.839999571   -0.029348185  -69.015128804   -0.050302572    0.020954387  162.110381506
 106   22.047999567   -0.029323158  -68.934823375   -0.050244040    0.020920883  161.851183184
 107   22.255999563   -0.029260939  -68.258906215   -0.049751389    0.020490451  158.521211650
 108   22.463999559   -0.029322452  -68.140012310   -0.049664732    0.020342280  157.374917085
 109   22.671999555   -0.029281454  -67.809886673   -0.049424116    0.020142662  155.830599976
 110   22.879999551   -0.029270010  -67.715969027   -0.049355663    0.020085653  155.389556846
 111   23.087999547   -0.029299610  -68.176603334   -0.049691402    0.020391791  157.757950996
 112   23.295999543   -0.029304240  -68.659581644   -0.050043427    0.020739187  160.445522134
 113   23.503999539   -0.029279503  -68.433890554   -0.049878929    0.020599426  159.364286152
 114   23.711999535   -0.029274328  -67.871143301   -0.049468763    0.020194436  156.231137654
 115   23.919999530   -0.029169203  -67.487063830   -0.049188822    0.020019619  154.878695048
 116   24.127999526   -0.029243810  -68.328752090   -0.049802297    0.020558487  159.047565818
 117   24.335999522   -0.029316131  -69.088283960   -0.050355892    0.021039761  162.770867479
 118   24.543999518   -0.029219106  -68.836486305   -0.050172366    0.020953261  162.101670560
 119   24.751999514   -0.029272195  -68.727166593   -0.050092687    0.020820492  161.074522985
 120   24.959999510   -0.029241290  -68.341889898   -0.049811873    0.020570583  159.141144104
 121   25.167999506   -0.029290418  -67.928060468   -0.049510248    0.020219830  156.427595811
 122   25.375999502   -0.029141120  -66.984901285   -0.048822814    0.019681695  152.264397576
 123   25.583999498   -0.029221673  -67.462689143   -0.049171056    0.019949383  154.335328853
 124   25.791999494   -0.029272691  -68.492398146   -0.049921573    0.020648882  159.746891933
 125   25.999999490   -0.029227325  -68.513265524   -0.049936782    0.020709458  160.215525831
 126   26.207999486   -0.029244402  -67.801224560   -0.049417802    0.020173401  156.068403198
 127   26.415999481   -0.029132001  -66.854208245   -0.048727557    0.019595556  151.597999198
 128   26.623999477   -0.029190488  -66.915159612   -0.048771982    0.019581494  151.489207842
 129   26.831999473   -0.029217674  -67.471450362   -0.049177442    0.019959768  154.415671031
 130   27.039999469   -0.029243820  -68.024081852   -0.049580235    0.020336415  157.329536068
 131   27.247999465   -0.029244243  -67.930374009   -0.049511934    0.020267691  156.797867737
 132   27.455999461   -0.029194746  -67.609698488   -0.049278206    0.020083459  155.372588134
 133   27.663999457   -0.029214373  -68.098246381   -0.049634290    0.020419918  157.975546231
 134   27.871999453   -0.029253054  -68.756382067   -0.050113981    0.020860927  161.387343933
 135   28.079999449   -0.029210586  -68.740016037   -0.050102053    0.020891467  161.623612313
 136   28.287999445   -0.029192227  -68.475979185   -0.049909606    0.020717379  160.276805900
 137   28.495999441   -0.029198627  -68.651471944   -0.050037516    0.020838889  161.216853293
 138   28.703999437   -0.029239322  -69.084097116   -0.050352840    0.021113518  163.341477036
 139   28.911999432   -0.029181967  -68.753493966   -0.050111876    0.020929909  161.921011831
 140   29.119999428   -0.029150300  -68.388335466   -0.049845726    0.020695426  160.106969719
 141   29.327999424   -0.029281958  -68.362554373   -0.049826935    0.020544976  158.943043203
 142   29.535999420   -0.029063724  -67.484431030   -0.049186903    0.020123179  155.679873508
 143   29.743999416   -0.029245453  -68.486915564   -0.049917577    0.020672124  159.926703324
 144   29.951999412   -0.029175184  -68.418093033   -0.049867415    0.020692230  160.082249492
 145   30.159999408   -0.029161902  -67.791622967   -0.049410804    0.020248902  156.652504970
 146   30.367999404   -0.029168025  -67.177292935   -0.048963041    0.019795017  153.141097364
 147   30.575999400   -0.029129759  -66.867249084   -0.048737062    0.019607303  151.688875825
 148   30.783999396   -0.029164893  -67.464618775   -0.049172463    0.020007570  154.785479426
 149   30.991999392   -0.029181611  -68.085591698   -0.049625067    0.020443456  158.157644690
 150   31.199999388   -0.029175393  -67.970890947   -0.049541466    0.020366072  157.558978146
 151   31.407999383   -0.029081999  -67.628805527   -0.049292132    0.020210133  156.352577083
 152   31.615999379   -0.029237244  -68.375496786   -0.049836368    0.020599124  159.361944515
 153   31.823999375   -0.029132642  -67.980371864   -0.049548376    0.020415734  157.943180931
 154   32.031999371   -0.029152189  -68.120282901   -0.049650352    0.020498163  158.580876501
 155   32.239999367   -0.029210323  -68.619492140   -0.050014207    0.020803884  160.946041459
 156   32.447999363   -0.029194798  -68.244079255   -0.049740583    0.020545784  158.949291179
 157   32.655999359   -0.029135826  -67.826724533   -0.049436388    0.020300562  157.052165715
 158   32.863999355   -0.029159029  -68.022264162   -0.049578910    0.020419880  157.975256361
 159   33.071999351   -0.029125265  -67.904128015   -0.049492805    0.020367540  157.570333628
 160   33.279999347   -0.029169434  -68.211171593   -0.049716597    0.020547163  158.959960958
 161   33.487999343   -0.029189576  -68.371041719   -0.049833121    0.020643545  159.705602353
 162   33.695999339   -0.029145522  -68.277159247   -0.049764693    0.020619172  159.517041824
 163   33.903999334   -0.029109975  -68.364973274   -0.049828698    0.020718723  160.287207336
 164   34.111999330   -0.029126823  -68.338179167   -0.049809168    0.020682346  160.005781099
 165   34.319999326   -0.029181546  -68.213789620   -0.049718506    0.020536959  158.881018312
 166   34.527999322   -0.029097658  -67.628711049   -0.049292063    0.020194405  156.230903909
 167   34.735999318   -0.029102382  -67.523104389   -0.049215091    0.020112709  155.598868753
 168   34.943999314   -0.029104025  -67.707085036   -0.049349187    0.020245163  156.623579298
 169   35.151999310   -0.029104913  -67.998544968   -0.049561622    0.020456709  158.260173044
 170   35.359999306   -0.029090797  -67.808896561   -0.049423394    0.020332597  157.300004918
 171   35.567999302   -0.029049804  -67.461577587   -0.049170246    0.020120442  155.658700309
 172   35.775999298   -0.029125369  -67.775314362   -0.049398917    0.020273548  156.843178018
 173   35.983999294   -0.029053481  -67.789787658   -0.049409466    0.020355985  157.480942393
 174   36.191999290   -0.029086182  -68.243414261   -0.049740098    0.020653916  159.785838029
 175   36.399999285   -0.029094873  -68.466977174   -0.049903045    0.020808171  160.979209327
 176   36.607999281   -0.029046705  -68.291860702   -0.049775409    0.020728703  160.364416810
 177   36.815999277   -0.029074430  -68.169719203   -0.049686384    0.020611954  159.461206288
 178   37.023999273   -0.029026702  -67.852422864   -0.049455119    0.020428417  158.041297976
 179   37.231999269   -0.029063981  -68.026390817   -0.049581918    0.020517937  158.733856374
 180   37.439999265   -0.028965101  -68.130746372   -0.049657978    0.020692877  160.087255678
 181   37.647999261   -0.029055398  -68.682306272   -0.050059990    0.021004592  162.498787037
 182   37.855999257   -0.029056125  -68.573916937   -0.049980989    0.020924864  161.881987901
 183   38.063999253   -0.028977138  -67.888726866   -0.049481579    0.020504441  158.629447764
 184   38.271999249   -0.029019462  -67.756061305   -0.049384884    0.020365423  157.553951827
 185   38.479999245   -0.029030439  -67.492504482   -0.049192788    0.020162349  155.982904469
 186   38.687999241   -0.029000750  -67.290686708   -0.049045690    0.020044940  155.074590363
 187   38.895999236   -0.029040264  -67.707872575   -0.049349761    0.020309497  157.121292613
 188   39.103999232   -0.028991671  -68.138812369   -0.049663857    0.020672186  159.927180042
 189   39.311999228   -0.029085678  -68.552797881   -0.049965596    0.020879918  161.534264608
 190   39.519999224   -0.028948712  -67.716280161   -0.049355889    0.020407177  157.876978979
 191   39.727999220   -0.028982583  -67.617586848   -0.049283955    0.020301373  157.058440129
 192   39.935999216   -0.028981401  -67.828879175   -0.049437959    0.020456557  158.259001135
 193   40.143999212   -0.028974162  -68.368995987   -0.049831630    0.020857468  161.360583110
 194   40.351999208   -0.029000610  -68.962908566   -0.050264511    0.021263901  164.504889696
 195   40.559999204   -0.029030318  -69.032030146   -0.050314891    0.021284573  164.664816642
 196   40.767999200   -0.028957804  -68.274962117   -0.049763092    0.020805288  160.956900117
 197   40.975999196   -0.028963907  -67.819170421   -0.049430882    0.020466975  158.339599319
 198   41.183999192   -0.028996483  -67.912151953   -0.049498653    0.020502170  158.611877661
 199   41.391999187   -0.028968405  -67.850195144   -0.049453495    0.020485090  158.479742619
 200   41.599999183   -0.028981436  -68.071749648   -0.049614978    0.020633542  159.628214733
 201   41.807999179   -0.029026701  -68.211902678   -0.049717130    0.020690430  160.068318732
 202   42.015999175   -0.028913662  -67.552431683   -0.049236466    0.020322804  157.224239361
 203   42.223999171   -0.028915092  -67.643809346   -0.049303068    0.020387976  157.728435787
 204   42.431999167   -0.029014722  -67.993466747   -0.049557920    0.020543198  158.929284017
 205   42.639999163   -0.028871732  -67.374342969   -0.049106664    0.020234932  156.544428782
 206   42.847999159   -0.028873435  -67.446198074   -0.049159036    0.020285601  156.936426183
 207   43.055999155   -0.028955087  -67.823861554   -0.049434301    0.020479214  158.434284984
 208   43.263999151   -0.028861625  -67.451512776   -0.049162910    0.020301285  157.057763060
 209   43.471999147   -0.028809908  -67.431485940   -0.049148313    0.020338405  157.344937115
 210   43.679999143   -0.028838175  -67.918661744   -0.049503398    0.020665222  159.873307445
 211   43.887999139   -0.028837645  -68.085430780   -0.049624950    0.020787305  160.817779500
 212   44.095999134   -0.028788294  -67.732584866   -0.049367773    0.020579480  159.209971367
 213   44.303999130   -0.028774076  -67.863138782   -0.049462929    0.020688853  160.056120444
 214   44.511999126   -0.028838798  -68.475440786   -0.049909213    0.021070416  163.008022463
 215   44.719999122   -0.028808055  -68.293112378   -0.049776321    0.020968266  162.217758509
 216   44.927999118   -0.028760323  -67.606268800   -0.049275706    0.020515383  158.714101130
 217   45.135999114   -0.028759582  -67.328479185   -0.049073236    0.020313654  157.153450824
 218   45.343999110   -0.028798517  -67.725922183   -0.049362917    0.020564400  159.093313262
 219   45.551999106   -0.028772738  -67.913421589   -0.049499578    0.020726841  160.350006964
 220   45.759999102   -0.028746686  -68.092125721   -0.049629829    0.020883143  161.559218294
 221   45.967999098   -0.028841163  -68.600375539   -0.050000274    0.021159111  163.694199188
 222   46.175999094   -0.028719516  -68.291914845   -0.049775448    0.021055932  162.895975030
 223   46.383999090   -0.028823295  -68.527369784   -0.049947063    0.021123768  163.420774480
 224   46.591999085   -0.028845978  -67.959825394   -0.049533400    0.020687422  160.045054455
 225   46.799999081   -0.028705672  -67.003404217   -0.048836300    0.020130628  155.737502987
 226   47.007999077   -0.028785612  -67.467161690   -0.049174316    0.020388704  157.734064406
 227   47.215999073   -0.028802240  -67.702710825   -0.049345999    0.020543760  158.933629326
 228   47.423999069   -0.028780126  -67.674899315   -0.049325728    0.020545602  158.947882698
 229   47.631999065   -0.028773897  -67.774578813   -0.049398381    0.020624484  159.558141617
 230   47.839999061   -0.028759933  -68.100913741   -0.049636235    0.020876302  161.506289523
 231   48.047999057   -0.028811315  -68.283933091   -0.049769631    0.020958315  162.140776795
 232   48.255999053   -0.028640924  -67.674500811   -0.049325438    0.020684514  160.022553338
 233   48.463999049   -0.028751500  -68.207659642   -0.049714038    0.020962538  162.173443804
 234   48.671999045   -0.028698288  -68.066861873   -0.049611415    0.020913127  161.791184722
 235   48.879999041   -0.028705825  -67.755458233   -0.049384445    0.020678620  159.976954815
 236   49.087999036   -0.028628909  -67.818931905   -0.049430708    0.020801800  160.929915998
 237   49.295999032   -0.028734241  -68.476850801   -0.049910241    0.021176000  163.824858417
 238   49.503999028   -0.028645146  -68.174923842   -0.049690178    0.021045032  162.811645448
 239   49.711999024   -0.028684358  -67.781674871   -0.049403553    0.020719195  160.290856388
 240   49.919999020   -0.028633375  -67.280539500   -0.049038294    0.020404919  157.859507485
 241   50.127999016   -0.028656786  -67.480233322   -0.049183844    0.020527057  158.804413510
 242   50.335999012   -0.028614079  -67.608837687   -0.049277578    0.020663499  159.859977742
 243   50.543999008   -0.028602377  -67.628539897   -0.049291939    0.020689562  160.061605488
 244   50.751999004   -0.028614254  -67.823739440   -0.049434212    0.020819958  161.070398481
 245   50.959999000   -0.028691602  -67.897490878   -0.049487967    0.020796366  160.887875939
 246   51.167998996   -0.028636649  -67.001787068   -0.048835122    0.020198473  156.262371517
 247   51.375998992   -0.028594868  -66.670475632   -0.048593641    0.019998773  154.717424467
 248   51.583998987   -0.028649686  -67.437306493   -0.049152556    0.020502869  158.617287889
 249   51.791998983   -0.028653942  -68.119942815   -0.049650104    0.020996163  162.433574511
 250   51.999998979   -0.028636539  -67.852784918   -0.049455383    0.020818844  161.061776922
 251   52.207998975   -0.028559641  -67.159259956   -0.048949898    0.020390257  157.746082370
 252   52.415998971   -0.028591177  -67.556793396   -0.049239645    0.020648468  159.743693166
 253   52.623998967   -0.028622808  -68.215440650   -0.049719709    0.021096901  163.212923444
 254   52.831998963   -0.028619428  -68.323996975   -0.049798832    0.021179404  163.851193218
 255   53.039998959   -0.028589945  -68.091706515   -0.049629524    0.021039578  162.769454478
 256   53.247998955   -0.028516101  -67.795566101   -0.049413678    0.020897577  161.670879392
 257   53.455998951   -0.028554363  -67.859701587   -0.049460424    0.020906060  161.736513798
 258   53.663998947   -0.028560609  -67.993151015   -0.049557690    0.020997081  162.440680401
 259   53.871998943   -0.028608663  -68.281408852   -0.049767791    0.021159128  163.694331496
 260   54.079998938   -0.028532844  -67.944187978   -0.049522003    0.020989159  162.379389181
 261   54.287998934   -0.028568004  -68.262834684   -0.049754253    0.021186248  163.904143585
 262   54.495998930   -0.028613115  -68.404612074   -0.049857589    0.021244473  164.354594108
 263   54.703998926   -0.028524896  -67.334413763   -0.049077561    0.020552665  159.002525123
 264   54.911998922   -0.028523640  -66.724883028   -0.048633297    0.020109657  155.575262194
 265   55.119998918   -0.028571336  -66.893082417   -0.048755891    0.020184555  156.154700125
 266   55.327998914   -0.028559083  -67.007037653   -0.048838949    0.020279866  156.892056372
 267   55.535998910   -0.028488715  -66.981534338   -0.048820360    0.020331646  157.292642633
 268   55.743998906   -0.028574823  -67.532034648   -0.049221600    0.020646777  159.730607113
 269   55.951998902   -0.028486423  -67.495422933   -0.049194915    0.020708492  160.208053009
 270   56.159998898   -0.028525236  -67.902983355   -0.049491970    0.020966735  162.205910912
 271   56.367998894   -0.028532259  -68.066395013   -0.049611075    0.021078816  163.073007828
 272   56.575998889   -0.028544509  -67.826038196   -0.049435888    0.020891379  161.622930584
 273   56.783998885   -0.028474949  -67.290748849   -0.049045735    0.020570786  159.142714263
 274   56.991998881   -0.028503592  -67.361240651   -0.049097114    0.020593522  159.318611631
 275   57.199998877   -0.028512537  -67.758157590   -0.049386412    0.020873875  161.487514005
 276   57.407998873   -0.028540279  -68.052483466   -0.049600935    0.021060657  162.932525624
 277   57.615998869   -0.028475250  -67.625793397   -0.049289937    0.020814687  161.029615426
 278   57.823998865   -0.028496760  -67.706894940   -0.049349049    0.020852289  161.320518206
 279   58.031998861   -0.028548303  -68.028341479   -0.049583339    0.021035037  162.734317883
 280   58.239998857   -0.028508092  -68.011794179   -0.049571279    0.021063187  162.952097552
 281   58.447998853   -0.028561656  -67.998950584   -0.049561917    0.021000262  162.465285736
 282   58.655998849   -0.028383155  -67.323472094   -0.049069586    0.020686431  160.037383948
 283   58.863998845   -0.028405323  -67.705047342   -0.049347702    0.020942379  162.017484865
 284   59.071998840   -0.028286899  -66.837624068   -0.048715469    0.020428571  158.042486814
 285   59.279998836   -0.028253566  -66.713859609   -0.048625262    0.020371696  157.602489203
 286   59.487998832   -0.028333530  -67.699257707   -0.049343482    0.021009953  162.540259233
 287   59.695998828   -0.028277395  -67.861772746   -0.049461933    0.021184538  163.890914627
 288   59.903998824   -0.028264605  -67.423318272   -0.049142360    0.020877756  161.517537885
 289   60.111998820   -0.028247384  -67.140851054   -0.048936480    0.020689096  160.058003151
 290   60.319998816   -0.028249097  -67.281109278   -0.049038709    0.020789613  160.835635054
 291   60.527998812   -0.028251677  -67.534898726   -0.049223687    0.020972010  162.246721031
 292   60.735998808   -0.028223182  -67.412551229   -0.049134513    0.020911330  161.777284679
 293   60.943998804   -0.028230735  -67.759180594   -0.049387158    0.021156423  163.673404200
 294   61.151998800   -0.028251519  -68.063369117   -0.049608870    0.021357350  165.227846856
 295   61.359998796   -0.028162022  -67.620748363   -0.049286260    0.021124238  163.424410133
 296   61.567998791   -0.028236407  -68.051813457   -0.049600447    0.021364040  165.279599410
 297   61.775998787   -0.028258011  -68.208095347   -0.049714355    0.021456344  165.993697304
 298   61.983998783   -0.028160604  -67.490921430   -0.049191634    0.021031030  162.703320347
 299   62.191998779   -0.028198301  -67.308523580   -0.049058691    0.020860390  161.383188721
 300   62.399998775   -0.028167333  -67.183754892   -0.048967751    0.020800418  160.919227851
 301   62.607998771   -0.028197649  -67.426406363   -0.049144611    0.020946962  162.052942661
 302   62.815998767   -0.028152112  -67.353602451   -0.049091547    0.020939435  161.994712660
 303   63.023998763   -0.028120791  -67.374842326   -0.049107028    0.020986237  162.356785667
 304   63.231998759   -0.028207985  -67.845863402   -0.049450338    0.021242353  164.338186957
 305   63.439998755   -0.028156323  -67.367276928   -0.049101514    0.020945191  162.039238181
 306   63.647998751   -0.028095774  -66.570549242   -0.048520808    0.020425034  158.015130168
 307   63.855998747   -0.028148757  -66.671495789   -0.048594385    0.020445628  158.174448692
 308   64.063998742   -0.028215962  -67.057170543   -0.048875489    0.020659527  159.829246570
 309   64.271998738   -0.028060490  -66.493160268   -0.048464403    0.020403913  157.851725544
 310   64.479998734   -0.028133757  -67.150846269   -0.048943766    0.020810009  160.993425380
 311   64.687998730   -0.028205909  -67.860062010   -0.049460687    0.021254778  164.434312767
 312   64.895998726   -0.028102172  -67.522308947   -0.049214511    0.021112339  163.332352645
 313   65.103998722   -0.028127709  -67.462525553   -0.049170937    0.021043228  162.797685584
 314   65.311998718   -0.028128469  -67.520425513   -0.049213138    0.021084669  163.118289329
 315   65.519998714   -0.028120987  -67.577878967   -0.049255014    0.021134027  163.500140886
 316   65.727998710   -0.028148146  -67.670270090   -0.049322354    0.021174208  163.810995238
 317   65.935998706   -0.028099565  -67.320826343   -0.049067658    0.020968093  162.216417044
 318   66.143998702   -0.028170855  -67.654163681   -0.049310615    0.021139760  163.544494834
 319   66.351998698   -0.028186450  -67.588957483   -0.049263089    0.021076638  163.056163013
 320   66.559998693   -0.028054899  -66.626653796   -0.048561701    0.020506802  158.647712031
 321   66.767998689   -0.028103037  -66.608881660   -0.048548748    0.020445711  158.175089901
 322   66.975998685   -0.028109002  -66.760351704   -0.048659148    0.020550146  158.983039073
 323   67.183998681   -0.028107766  -66.898784202   -0.048760047    0.020652281  159.773187200
 324   67.391998677   -0.028146975  -67.339206872   -0.049081055    0.020934079  161.953277403
 325   67.599998673   -0.028146991  -67.355614978   -0.049093014    0.020946023  162.045676930
 326   67.807998669   -0.028076193  -67.062084787   -0.048879071    0.020802877  160.938252674
 327   68.015998665   -0.028134433  -67.694616786   -0.049340100    0.021205667  164.054371631
 328   68.223998661   -0.028161676  -68.119053406   -0.049649456    0.021487779  166.236893361
 329   68.431998657   -0.028081838  -67.577746439   -0.049254917    0.021173080  163.802266512
 330   68.639998653   -0.028172695  -67.709497697   -0.049350946    0.021178251  163.842271808
 331   68.847998649   -0.028177909  -67.817301300   -0.049429520    0.021251611  164.409809187
 332   69.055998644   -0.028150399  -67.557960572   -0.049240496    0.021090097  163.160282124
 333   69.263998640   -0.028100813  -66.996383643   -0.048831183    0.020730371  160.377315666
 334   69.471998636   -0.028150960  -67.261936266   -0.049024735    0.020873775  161.486743713
 335   69.679998632   -0.028181365  -67.697288633   -0.049342047    0.021160682  163.706354518
 336   69.887998628   -0.028140591  -67.561116745   -0.049242796    0.021102205  163.253957519
 337   70.095998624   -0.028147225  -67.357417785   -0.049094328    0.020947103  162.054030858
 338   70.303998620   -0.028078779  -67.087091367   -0.048897297    0.020818518  161.059255048
 339   70.511998616   -0.028200935  -67.337324311   -0.049079682    0.020878747  161.525209223
 340   70.719998612   -0.028013564  -66.601332807   -0.048543245    0.020529681  158.824714304
 341   70.927998608   -0.028059095  -67.094382126   -0.048902611    0.020843516  161.252647542
 342   71.135998604   -0.028114667  -67.653324334   -0.049310003    0.021195336  163.974447332
 343   71.343998600   -0.028057923  -67.508199416   -0.049204227    0.021146304  163.595118275
 344   71.551998595   -0.028099544  -67.907507198   -0.049495268    0.021395724  165.524719857
 345   71.759998591   -0.028145097  -67.979397191   -0.049547666    0.021402568  165.577669753
 346   71.967998587   -0.028072987  -67.304479283   -0.049055743    0.020982756  162.329853294
 347   72.175998583   -0.028073131  -67.169652114   -0.048957472    0.020884341  161.568484550
 348   72.383998579   -0.028085710  -67.417568746   -0.049138170    0.021052460  162.869108180
 349   72.591998575   -0.028090103  -67.232845812   -0.049003532    0.020913429  161.793520191
 350   72.799998571   -0.028008464  -66.565849094   -0.048517383    0.020508918  158.664084417
 351   73.007998567   -0.028080920  -67.256566736   -0.049020821    0.020939901  161.998315739
 352   73.215998563   -0.028105051  -67.961716848   -0.049534779    0.021429729  165.787791013
 353   73.423998559   -0.028025507  -67.487734399   -0.049189311    0.021163804  163.730505498
 354   73.631998555   -0.028062253  -67.338298991   -0.049080393    0.021018140  162.603601056
 355   73.839998551   -0.028070488  -67.205778813   -0.048983804    0.020913316  161.792644554
 356   74.047998546   -0.027991068  -66.732991452   -0.048639207    0.020648138  159.741139890
 357   74.255998542   -0.028032513  -66.994762791   -0.048830002    0.020797489  160.896566290
 358   74.463998538   -0.028039488  -67.141406486   -0.048936885    0.020897397  161.669491943
 359   74.671998534   -0.028051983  -67.161810301   -0.048951757    0.020899774  161.687879979
 360   74.879998530   -0.027955176  -67.178432746   -0.048963872    0.021008697  162.530542569
 361   75.087998526   -0.028044574  -67.919692474   -0.049504149    0.021459575  166.018691304
 362   75.295998522   -0.028068911  -67.823978708   -0.049434387    0.021365476  165.290708875
 363   75.503998518   -0.027847332  -66.764528191   -0.048662193    0.020814860  161.030956161
 364   75.711998514   -0.027874159  -67.086168773   -0.048896624    0.021022465  162.637061916
 365   75.919998510   -0.027795073  -67.088964220   -0.048898662    0.021103589  163.264665754
 366   76.127998506   -0.027794483  -67.595817800   -0.049268089    0.021473606  166.127241236
 367   76.335998502   -0.027845672  -67.829219982   -0.049438207    0.021592535  167.047320964
 368   76.543998497   -0.027777273  -67.501668234   -0.049199467    0.021422194  165.729498057
 369   76.751998493   -0.027775066  -67.306112972   -0.049056934    0.021281868  164.643890258
 370   76.959998489   -0.027808529  -67.364539868   -0.049099519    0.021290990  164.714459444
 371   77.167998485   -0.027771355  -67.064980928   -0.048881181    0.021109827  163.312920244
 372   77.375998481   -0.027761798  -66.752028193   -0.048653082    0.020891284  161.622196859
 373   77.583998477   -0.027799049  -66.853417809   -0.048726981    0.020927932  161.905718447
 374   77.791998473   -0.027714488  -66.891263294   -0.048754565    0.021040077  162.773313880
 375   77.999998469   -0.027811607  -67.359509846   -0.049095853    0.021284245  164.662282889
 376   78.207998465   -0.027743746  -67.022444066   -0.048850178    0.021106432  163.286654412
 377   78.415998461   -0.027737076  -67.018486074   -0.048847293    0.021110217  163.315938563
 378   78.623998457   -0.027805320  -67.486595142   -0.049188480    0.021383161  165.427528047
 379   78.831998453   -0.027715448  -67.085206181   -0.048895923    0.021180475  163.859479280
 380   79.039998448   -0.027761385  -67.222399893   -0.048995918    0.021234533  164.277690017
 381   79.247998444   -0.027817664  -67.582799332   -0.049258600    0.021440937  165.874500532
 382   79.455998440   -0.027756537  -67.540974474   -0.049228116    0.021471578  166.111555548
 383   79.663998436   -0.027694465  -67.258939903   -0.049022551    0.021328085  165.001445480
 384   79.871998432   -0.027643916  -66.760158194   -0.048659007    0.021015091  162.580012926
 385   80.079998428   -0.027749210  -67.038842574   -0.048862130    0.021112921  163.336855690
 386   80.287998424   -0.027675707  -66.786658234   -0.048678322    0.021002615  162.483496709
 387   80.495998420   -0.027690025  -66.918151693   -0.048774163    0.021084138  163.114184806
 388   80.703998416   -0.027744631  -67.292315311   -0.049046877    0.021302246  164.801544418
 389   80.911998412   -0.027668141  -67.176995555   -0.048962825    0.021294684  164.743038909
 390   81.119998408   -0.027733332  -67.496276914   -0.049195537    0.021462205  166.039040537
 391   81.327998404   -0.027663674  -67.270300089   -0.049030831    0.021367157  165.303718250
 392   81.535998399   -0.027686497  -67.260573517   -0.049023742    0.021337244  165.072301886
 393   81.743998395   -0.027666716  -67.507917408   -0.049204021    0.021537306  166.620046466
 394   81.951998391   -0.027540510  -67.229021345   -0.049000744    0.021460234  166.023793870
 395   82.159998387   -0.027490234  -66.956581586   -0.048802173    0.021311939  164.876532217
 396   82.367998383   -0.027566847  -67.565819091   -0.049246224    0.021679377  167.719160363
 397   82.575998379   -0.027603266  -67.746429224   -0.049377864    0.021774598  168.455820169
 398   82.783998375   -0.027501272  -66.821824392   -0.048703954    0.021202681  164.031274114
 399   82.991998371   -0.027417072  -66.398420231   -0.048395350    0.020978278  162.295216140
 400   83.199998367   -0.027600588  -67.431705502   -0.049148473    0.021547885  166.701890384
 401   83.407998363   -0.027515459  -66.922793076   -0.048777546    0.021262087  164.490861893
 402   83.615998359   -0.027402808  -66.545731136   -0.048502719    0.021099912  163.236213282
 403   83.823998355   -0.027462608  -67.175699071   -0.048961880    0.021499272  166.325800849
 404   84.031998351   -0.027326474  -66.359631273   -0.048367078    0.021040605  162.777394258
 405   84.239998346   -0.027362996  -66.535825940   -0.048495500    0.021132504  163.488362289
 406   84.447998342   -0.027374708  -66.892921099   -0.048755773    0.021381065  165.411315293
 407   84.655998338   -0.027315760  -66.587761513   -0.048533354    0.021217593  164.146640523
 408   84.863998334   -0.027300658  -66.536918563   -0.048496296    0.021195639  163.976791499
 409   85.071998330   -0.027332780  -67.231603221   -0.049002626    0.021669846  167.645423808
 410   85.279998326   -0.027335161  -67.538531136   -0.049226335    0.021891174  169.357693651
 411   85.487998322   -0.027258401  -67.298356647   -0.049051280    0.021792879  168.597250154
 412   85.695998318   -0.027336422  -66.977081799   -0.048817115    0.021480693  166.182068583
 413   85.903998314   -0.027212165  -66.164224650   -0.048224654    0.021012488  162.559876891
 414   86.111998310   -0.027323599  -66.817753031   -0.048700986    0.021377387  165.382857878
 415   86.319998306   -0.027277765  -66.623479169   -0.048559387    0.021281622  164.641988024
 416   86.527998302   -0.027184314  -66.230145575   -0.048272701    0.021088387  163.147051673
 417   86.735998297   -0.027252529  -66.445701883   -0.048429812    0.021177283  163.834784668
 418   86.943998293   -0.027148123  -66.317913195   -0.048336671    0.021188548  163.921936555
 419   87.151998289   -0.027200029  -66.956213794   -0.048801905    0.021601876  167.119585798
 420   87.359998285   -0.027173496  -67.205969226   -0.048983943    0.021810446  168.733154005
 421   87.567998281   -0.027171908  -67.164730057   -0.048953885    0.021781977  168.512909640
 422   87.775998277   -0.027151661  -67.093273392   -0.048901803    0.021750142  168.266617155
 423   87.983998273   -0.027159573  -67.075518511   -0.048888862    0.021729289  168.105297527
 424   88.191998269   -0.027165212  -67.086297133   -0.048896718    0.021731506  168.122447123
 425   88.399998265   -0.027096454  -67.103849343   -0.048909511    0.021813057  168.753353993
 426   88.607998261   -0.027190789  -67.279799388   -0.049037755    0.021846966  169.015685582
 427   88.815998257   -0.027207365  -66.798040019   -0.048686618    0.021479254  166.170933638
 428   89.023998253   -0.027080454  -66.162255713   -0.048223218    0.021142764  163.567736943
 429   89.231998248   -0.027137663  -66.581163921   -0.048528545    0.021390882  165.487262997
 430   89.439998244   -0.027128442  -66.856081773   -0.048728923    0.021600481  167.108789723
 431   89.647998240   -0.027177467  -67.028989685   -0.048854949    0.021677481  167.704492936
 432   89.855998236   -0.027071732  -66.882177499   -0.048747943    0.021676210  167.694660417
 433   90.063998232   -0.027200435  -67.434214657   -0.049150302    0.021949867  169.811761363
 434   90.271998228   -0.027108562  -66.528123147   -0.048489886    0.021381323  165.413311383
 435   90.479998224   -0.026990887  -65.970189143   -0.048083228    0.021092341  163.177647728
 436   90.687998220   -0.027178312  -67.080328021   -0.048892367    0.021714055  167.987440889
 437   90.895998216   -0.027043436  -66.626465573   -0.048561564    0.021518128  166.471676725
 438   91.103998212   -0.027022072  -66.479054037   -0.048454121    0.021432050  165.805747009
 439   91.311998208   -0.026927208  -66.847047448   -0.048722338    0.021795130  168.614659947
 440   91.519998204   -0.026869574  -67.563715682   -0.049244691    0.022375117  173.101643284
 441   91.727998199   -0.026914537  -67.180519529   -0.048965393    0.022050856  170.593050883
 442   91.935998195   -0.026734431  -65.851073648   -0.047996409    0.021261978  164.490014324
 443   92.143998191   -0.026856722  -66.441489135   -0.048426741    0.021570020  166.873133281
 444   92.351998187   -0.026877654  -67.055146128   -0.048874013    0.021996359  170.171440345
 445   92.559998183   -0.026842210  -66.739509527   -0.048643957    0.021801747  168.665855745
 446   92.767998179   -0.026810344  -66.433118860   -0.048420641    0.021610296  167.184726460
 447   92.975998175   -0.026819702  -66.722027413   -0.048631215    0.021811513  168.741407696
 448   93.183998171   -0.026848634  -66.739673038   -0.048644077    0.021795442  168.617077796
 449   93.391998167   -0.026712097  -65.795900124   -0.047956195    0.021244099  164.351695421
 450   93.599998163   -0.026802951  -66.028314730   -0.048125594    0.021322643  164.959340065
 451   93.807998159   -0.026693513  -65.807183073   -0.047964419    0.021270906  164.559086805
 452   94.015998155   -0.026765707  -65.975167492   -0.048086857    0.021321150  164.947786772
 453   94.223998150   -0.026730813  -66.242367842   -0.048281609    0.021550796  166.724409565
 454   94.431998146   -0.026800245  -66.717102744   -0.048627626    0.021827381  168.864166640
 455   94.639998142   -0.026713579  -66.295712560   -0.048320490    0.021606911  167.158536670
 456   94.847998138   -0.026701288  -66.235964656   -0.048276942    0.021575654  166.916719639
 457   95.055998134   -0.026760120  -66.904833598   -0.048764456    0.022004336  170.233149666
 458   95.263998130   -0.026766913  -67.140304685   -0.048936082    0.022169169  171.508360209
 459   95.471998126   -0.026662265  -66.361449203   -0.048368403    0.021706138  167.926188422
 460   95.679998122   -0.026665935  -66.277630890   -0.048307311    0.021641376  167.425171342
 461   95.887998118   -0.026725164  -67.196472879   -0.048977021    0.022251857  172.148059796
 462   96.095998114   -0.026758077  -67.555190729   -0.049238477    0.022480400  173.916149128
 463   96.303998110   -0.026730567  -66.908657118   -0.048767243    0.022036676  170.483344506
 464   96.511998106   -0.026577190  -65.913684050   -0.048042044    0.021464854  166.059530245
 465   96.719998101   -0.026705792  -66.293616640   -0.048318963    0.021613171  167.206966033
 466   96.927998097   -0.026649768  -65.904417850   -0.048035290    0.021385522  165.445795867
 467   97.135998093   -0.026525120  -65.315371132   -0.047605956    0.021080836  163.088634388
 468   97.343998089   -0.026615091  -66.104316076   -0.048180988    0.021565897  166.841238881
 469   97.551998085   -0.026701518  -66.720085761   -0.048629800    0.021928282  169.644772824
 470   97.759998081   -0.026519433  -65.785800162   -0.047948834    0.021429401  165.785256157
 471   97.967998077   -0.026589523  -65.934995820   -0.048057577    0.021468054  166.084287656
 472   98.175998073   -0.026645387  -66.731666474   -0.048638241    0.021992854  170.144323245
 473   98.383998069   -0.026593843  -66.606071518   -0.048546699    0.021952856  169.834886386
 474   98.591998065   -0.026627211  -66.182732802   -0.048238143    0.021610932  167.189645751
 475   98.799998061   -0.026468461  -65.490124888   -0.047733327    0.021264866  164.512359864
 476   99.007998057   -0.026673852  -66.318501082   -0.048337100    0.021663248  167.594377108
 477   99.215998052   -0.026541452  -65.955017792   -0.048072170    0.021530719  166.569087158
 478   99.423998048   -0.026514484  -66.082065231   -0.048164771    0.021650286  167.494101973
 479   99.631998044   -0.026609723  -66.988267753   -0.048825268    0.022215545  171.867141759
 480   99.839998040   -0.026556070  -67.053195655   -0.048872592    0.022316521  172.648327583
 481  100.047998036   -0.026577635  -66.841306551   -0.048718153    0.022140519  171.286708667
 482  100.255998032   -0.026523765  -66.248862878   -0.048286343    0.021762578  168.362829663
 483  100.463998028   -0.026515442  -65.942004445   -0.048062685    0.021547243  166.696926482
 484  100.671998024   -0.026535595  -66.103726741   -0.048180559    0.021644964  167.452926089
 485  100.879998020   -0.026544721  -66.332043026   -0.048346970    0.021802249  168.669740290
 486  101.087998016   -0.026522313  -66.179390845   -0.048235708    0.021713395  167.982331423
 487  101.295998012   -0.026542733  -66.152846703   -0.048216361    0.021673628  167.674678634
 488  101.503998008   -0.026520402  -66.261656213   -0.048295668    0.021775265  168.460984666
 489  101.711998003   -0.026554317  -66.278003532   -0.048307583    0.021753266  168.290786260
 490  101.919997999   -0.026513888  -65.753386257   -0.047925209    0.021411321  165.645383317
 491  102.127997995   -0.026480983  -65.340153564   -0.047624019    0.021143036  163.569838793
 492  102.335997991   -0.026531246  -66.022774194   -0.048121556    0.021590309  167.030099893
 493  102.543997987   -0.026552610  -67.007191298   -0.048839061    0.022286451  172.415690779
 494  102.751997983   -0.026552749  -67.296585122   -0.049049989    0.022497240  174.046427570
 495  102.959997979   -0.026514040  -66.913042697   -0.048770439    0.022256400  172.183204430
 496  103.167997975   -0.026517403  -66.593048786   -0.048537208    0.022019804  170.352820777
 497  103.375997971   -0.026534964  -66.198765592   -0.048249829    0.021714865  167.993707916
 498  103.583997967   -0.026502091  -65.811539904   -0.047967595    0.021465504  166.064560207
 499  103.791997963   -0.026520412  -65.634880270   -0.047838834    0.021318422  164.926685679
 500  103.999997959   -0.026477705  -65.331867004   -0.047617979    0.021140274  163.548468155
 501  104.207997954   -0.026536321  -65.513130306   -0.047750095    0.021213774  164.117092435
 502  104.415997950   -0.026493877  -65.621247064   -0.047828897    0.021335020  165.055092455
 503  104.623997946   -0.026513695  -66.226091522   -0.048269746    0.021756051  168.312333362
 504  104.831997942   -0.026523408  -67.085211313   -0.048895927    0.022372518  173.081537718
 505  105.039997938   -0.026534353  -67.329533799   -0.049074004    0.022539651  174.374539114
 506  105.247997934   -0.026484399  -66.597496245   -0.048540449    0.022056050  170.633233138
 507  105.455997930   -0.026432000  -65.975266723   -0.048086929    0.021654929  167.530018117
 508  105.663997926   -0.026416790  -66.153904482   -0.048217132    0.021800341  168.654980948
 509  105.871997922   -0.026463320  -66.748515190   -0.048650521    0.022187201  171.647862876
 510  106.079997918   -0.026440645  -66.704090328   -0.048618142    0.022177497  171.572787675
 511  106.287997914   -0.026426216  -66.414708953   -0.048407222    0.021981006  170.052662682
 512  106.495997910   -0.026439760  -66.068049946   -0.048154555    0.021714795  167.993164019
 513  106.703997905   -0.026420232  -65.502596917   -0.047742418    0.021322185  164.955798596
 514  106.911997901   -0.026392849  -65.369851249   -0.047645664    0.021252815  164.419126572
 515  107.119997897   -0.026440355  -65.912099476   -0.048040889    0.021600534  167.109203122
 516  107.327997893   -0.026456277  -66.096559809   -0.048175335    0.021719058  168.026145901
 517  107.535997889   -0.026465109  -65.880967512   -0.048018198    0.021553089  166.742150756
 518  107.743997885   -0.026376605  -65.553973023   -0.047779864    0.021403258  165.583008605
 519  107.951997881   -0.026447208  -66.170687529   -0.048229364    0.021782157  168.514296521
 520  108.159997877   -0.026431192  -66.700254244   -0.048615346    0.022184153  171.624282351
 521  108.367997873   -0.026435849  -66.912895152   -0.048770332    0.022334482  172.787278950
 522  108.575997869   -0.026394118  -66.772349992   -0.048667894    0.022273775  172.317628559
 523  108.783997865   -0.026431824  -66.506858451   -0.048474387    0.022042563  170.528889269
 524  108.991997861   -0.026360123  -65.770404715   -0.047937613    0.021577490  166.930921949
 525  109.199997856   -0.026381734  -65.566200347   -0.047788776    0.021407041  165.612275767
 526  109.407997852   -0.026322572  -65.425013953   -0.047685870    0.021363298  165.273864903
 527  109.615997848   -0.026350008  -65.780048773   -0.047944642    0.021594634  167.063558413
 528  109.823997844   -0.026354196  -66.310217649   -0.048331062    0.021976867  170.020640632
 529  110.031997840   -0.026417519  -66.526136567   -0.048488438    0.022070919  170.748262674
 530  110.239997836   -0.026197852  -65.288793886   -0.047586584    0.021388733  165.470632575
 531  110.447997832   -0.026359773  -65.926630937   -0.048051480    0.021691707  167.814546018
 532  110.655997828   -0.026286360  -66.442750231   -0.048427661    0.022141300  171.292756878
 533  110.863997824   -0.026379935  -66.834821274   -0.048713427    0.022333491  172.779611383
 534  111.071997820   -0.026287520  -66.120759083   -0.048192973    0.021905453  169.468160098
 535  111.279997816   -0.026309609  -65.532028107   -0.047763869    0.021454260  165.977571439
 536  111.487997812   -0.026172996  -65.112901530   -0.047458383    0.021285387  164.671117997
 537  111.695997807   -0.026223583  -65.885556366   -0.048021543    0.021797959  168.636552516
 538  111.903997803   -0.026229393  -66.312870432   -0.048332996    0.022103603  171.001114993
 539  112.111997799   -0.026181920  -66.064244296   -0.048151782    0.021969862  169.966449261
 540  112.319997795   -0.026194731  -65.778320994   -0.047943383    0.021748652  168.255090751
 541  112.527997791   -0.026172391  -65.702410903   -0.047888055    0.021715664  167.999887543
 542  112.735997787   -0.026221960  -66.444721270   -0.048429097    0.022207137  171.802093322
 543  112.943997783   -0.026258642  -67.233384577   -0.049003925    0.022745283  175.965372897
 544  113.151997779   -0.026250052  -66.813739434   -0.048698061    0.022448009  173.665558408
 545  113.359997775   -0.026041686  -65.264840419   -0.047569126    0.021527440  166.543719922
 546  113.567997771   -0.026061109  -65.738022194   -0.047914010    0.021852901  169.061598963
 547  113.775997767   -0.026078917  -66.505144764   -0.048473138    0.022394220  173.249434053
 548  113.983997763   -0.026081992  -66.636631381   -0.048568973    0.022486981  173.967064657
 549  114.191997758   -0.026016215  -66.031346048   -0.048127803    0.022111589  171.062896958
 550  114.399997754   -0.025942068  -65.470929508   -0.047719336    0.021777268  168.476480155
 551  114.607997750   -0.026004525  -65.999313357   -0.048104456    0.022099930  170.972704644
 552  114.815997746   -0.025948613  -66.023373026   -0.048121992    0.022173379  171.540925914
 553  115.023997742   -0.025929615  -66.036382356   -0.048131474    0.022201859  171.761258579
 554  115.231997738   -0.026000827  -66.455811117   -0.048437180    0.022436353  173.575388423
 555  115.439997734   -0.025956654  -66.014626457   -0.048115617    0.022158963  171.429399848
 556  115.647997730   -0.025959263  -65.618406971   -0.047826827    0.021867564  169.175038211
 557  115.855997726   -0.025968773  -65.663888898   -0.047859977    0.021891204  169.357924309
 558  116.063997722   -0.025895630  -65.386344832   -0.047657686    0.021762056  168.358788383
 559  116.271997718   -0.025858336  -65.485043528   -0.047729624    0.021871288  169.203847391
 560  116.479997714   -0.025982823  -66.359880508   -0.048367260    0.022384437  173.173747665
 561  116.687997709   -0.025827235  -66.085120221   -0.048166997    0.022339762  172.828126639
 562  116.895997705   -0.025945695  -66.395404590   -0.048393152    0.022447457  173.661287845
 563  117.103997701   -0.025872381  -66.268016918   -0.048300304    0.022427923  173.510169250
 564  117.311997697   -0.025854420  -65.976687854   -0.048087965    0.022233545  172.006395765
 565  117.519997693   -0.025866106  -65.844607133   -0.047991696    0.022125590  171.171218747
 566  117.727997689   -0.025827645  -65.910789331   -0.048039934    0.022212289  171.841950019
 567  117.935997685   -0.025849426  -65.988239876   -0.048096385    0.022246959  172.110169600
 568  118.143997681   -0.025792864  -66.276350712   -0.048306378    0.022513514  174.172330583
 569  118.351997677   -0.025882909  -66.654077762   -0.048581689    0.022698780  175.605613054
 570  118.559997673   -0.025717538  -66.069525106   -0.048155631    0.022438093  173.588844307
 571  118.767997669   -0.025759488  -66.143514455   -0.048209559    0.022450071  173.681512810
 572  118.975997665   -0.025609614  -65.659229208   -0.047856581    0.022246968  172.110234897
 573  119.183997660   -0.025716870  -66.379191386   -0.048381335    0.022664464  175.340134791
 574  119.391997656   -0.025643002  -65.812617947   -0.047968380    0.022325378  172.716848108
 575  119.599997652   -0.025613352  -65.403303587   -0.047670046    0.022056694  170.638216465
 576  119.807997648   -0.025665108  -66.183756576   -0.048238890    0.022573782  174.638582187
 577  120.015997644   -0.025706205  -66.854131637   -0.048727501    0.023021296  178.100711045
 578  120.223997640   -0.025657914  -66.172563965   -0.048230732    0.022572818  174.631125469
 579  120.431997636   -0.025627031  -65.460701938   -0.047711882    0.022084851  170.856043369
 580  120.639997632   -0.025657587  -65.332249419   -0.047618258    0.021960671  169.895345032
 581  120.847997628   -0.025631995  -65.338593850   -0.047622882    0.021990887  170.129108905
 582  121.055997624   -0.025687141  -65.532249779   -0.047764030    0.022076890  170.794452522
 583  121.263997620   -0.025612041  -65.423055720   -0.047684443    0.022072402  170.759736069
 584  121.471997616   -0.025617956  -65.672020026   -0.047865904    0.022247948  172.117821850
 585  121.679997611   -0.025687355  -65.847641003   -0.047993907    0.022306552  172.571203544
 586  121.887997607   -0.025632690  -65.085637772   -0.047438511    0.021805822  168.697378607
 587  122.095997603   -0.025593616  -64.551127250   -0.047048927    0.021455311  165.985706228
 588  122.303997599   -0.025674062  -65.251510031   -0.047559410    0.021885348  169.312621206
 589  122.511997595   -0.025621003  -65.942554829   -0.048063087    0.022442084  173.619722104
 590  122.719997591   -0.025731969  -66.832373270   -0.048711642    0.022979674  177.778701598
 591  122.927997587   -0.025614613  -66.201972831   -0.048252167    0.022637554  175.131943417
 592  123.135997583   -0.025696182  -65.998174243   -0.048103626    0.022407443  173.351731154
 593  123.343997579   -0.025638885  -65.847989086   -0.047994161    0.022355276  172.948145705
 594  123.551997575   -0.025621683  -65.666894768   -0.047862168    0.022240486  172.060087846
 595  123.759997571   -0.025639855  -65.608769493   -0.047819803    0.022179948  171.591746410
 596  123.967997567   -0.025607491  -65.409633691   -0.047674660    0.022067169  170.719248863
 597  124.175997562   -0.025545953  -65.574643449   -0.047794930    0.022248976  172.125775448
 598  124.383997558   -0.025644574  -66.487420749   -0.048460219    0.022815645  176.509718341
 599  124.591997554   -0.025575472  -66.124534639   -0.048195725    0.022620253  174.998098229
 600  124.799997550   -0.025559470  -65.788550049   -0.047950838    0.022391368  173.227369607
 601  125.007997546   -0.025604020  -65.769565786   -0.047937001    0.022332981  172.775665000
 602  125.215997542   -0.025525590  -65.088825968   -0.047440835    0.021915246  169.543919045
 603  125.423997538   -0.025495670  -65.005617073   -0.047380187    0.021884518  169.306196928
 604  125.631997534   -0.025520928  -65.749231474   -0.047922180    0.022401252  173.303831975
 605  125.839997530   -0.025517703  -66.212947529   -0.048260166    0.022742462  175.943554052
 606  126.047997526   -0.025442048  -65.888876810   -0.048023963    0.022581915  174.701500677
 607  126.255997522   -0.025415123  -65.594498588   -0.047809401    0.022394278  173.249880096
 608  126.463997518   -0.025444301  -65.803988370   -0.047962091    0.022517790  174.205407607
 609  126.671997514   -0.025454258  -66.067456801   -0.048154123    0.022699866  175.614010233
 610  126.879997509   -0.025465133  -65.674241397   -0.047867523    0.022402389  173.312632793
 611  127.087997505   -0.025404829  -65.029418652   -0.047397535    0.021992706  170.143183367
 612  127.295997501   -0.025449413  -65.453780445   -0.047706837    0.022257424  172.191127532
 613  127.503997497   -0.025425212  -65.862433351   -0.048004689    0.022579477  174.682640852
 614  127.711997493   -0.025446305  -65.832811076   -0.047983098    0.022536793  174.352428314
 615  127.919997489   -0.025369112  -65.362151795   -0.047640052    0.022270941  172.295698373
 616  128.127997485   -0.025449802  -65.726881441   -0.047905890    0.022456088  173.728062404
 617  128.335997481   -0.025452743  -65.787817717   -0.047950304    0.022497561  174.048913096
 618  128.543997477   -0.025347655  -65.298161192   -0.047593412    0.022245757  172.100867988
 619  128.751997473   -0.025356181  -65.214099723   -0.047532143    0.022175962  171.560910820
 620  128.959997469   -0.025355536  -65.344067727   -0.047626872    0.022271335  172.298752419
 621  129.167997465   -0.025401854  -65.780925762   -0.047945281    0.022543427  174.403750156
 622  129.375997460   -0.025412084  -65.769489874   -0.047936946    0.022524862  174.260120833
 623  129.583997456   -0.025403355  -64.969159950   -0.047353615    0.021950260  169.814804281
 624  129.791997452   -0.025278225  -64.366708773   -0.046914511    0.021636285  167.385786067
 625  129.999997448   -0.025437162  -65.753184717   -0.047925062    0.022487900  173.974170668
 626  130.207997444   -0.025370171  -66.015978164   -0.048116602    0.022746431  175.974256093
 627  130.415997440   -0.025231651  -65.415764197   -0.047679128    0.022447477  173.661448424
 628  130.623997436   -0.025317186  -65.528771873   -0.047761496    0.022444310  173.636943865
 629  130.831997432   -0.025261966  -65.521161366   -0.047755949    0.022493982  174.021226947
 630  131.039997428   -0.025328897  -65.896911474   -0.048029819    0.022700922  175.622185438
 631  131.247997424   -0.025256566  -65.368956487   -0.047645012    0.022388446  173.204759090
 632  131.455997420   -0.025200379  -64.845370810   -0.047263390    0.022063011  170.687082106
 633  131.663997416   -0.025287642  -65.407292211   -0.047672954    0.022385311  173.180509657
 634  131.871997411   -0.025283759  -65.541868216   -0.047771041    0.022487282  173.969393379
 635  132.079997407   -0.025182918  -65.291290870   -0.047588404    0.022405486  173.336592231
 636  132.287997403   -0.025216127  -65.983866403   -0.048093197    0.022877070  176.984929123
 637  132.495997399   -0.025154744  -66.004972315   -0.048108580    0.022953837  177.578817751
 638  132.703997395   -0.025247608  -65.981738473   -0.048091646    0.022844038  176.729381062
 639  132.911997391   -0.025151067  -65.141495887   -0.047479224    0.022328157  172.738344113
 640  133.119997387   -0.025137931  -64.547338153   -0.047046165    0.021908234  169.489676382
 641  133.327997383   -0.025119632  -64.896398474   -0.047300582    0.022180950  171.599502960
 642  133.535997379   -0.025224682  -65.757748688   -0.047928388    0.022703707  175.643726700
 643  133.743997375   -0.025102910  -65.204663292   -0.047525265    0.022422355  173.467094830
 644  133.951997371   -0.025149317  -65.027325098   -0.047396010    0.022246693  172.108110116
 645  134.159997367   -0.025175395  -65.005465164   -0.047380077    0.022204681  171.783094871
 646  134.367997362   -0.025127685  -65.097475695   -0.047447140    0.022319455  172.671019394
 647  134.575997358   -0.025123977  -65.812035359   -0.047967956    0.022843979  176.728924151
 648  134.783997354   -0.025252087  -66.763927923   -0.048661755    0.023409668  181.105288545
 649  134.991997350   -0.025180919  -66.065320944   -0.048152566    0.022971647  177.716607727
 650  135.199997346   -0.025101763  -64.765125799   -0.047204902    0.022103139  170.997529290
 651  135.407997342   -0.025171582  -64.662553771   -0.047130141    0.021958560  169.879012081
 652  135.615997338   -0.025130843  -64.819097862   -0.047244240    0.022113397  171.076888719
 653  135.823997334   -0.025172136  -65.324409233   -0.047612543    0.022440407  173.606750495
 654  136.031997330   -0.025210706  -65.686295738   -0.047876309    0.022665603  175.348942994
 655  136.239997326   -0.025089209  -65.432786590   -0.047691535    0.022602326  174.859413719
 656  136.447997322   -0.025196713  -66.074197596   -0.048159036    0.022962324  177.644476428
 657  136.655997318   -0.025188361  -66.078793588   -0.048162386    0.022974025  177.735004236
 658  136.863997313   -0.025143488  -65.393152511   -0.047662648    0.022519160  174.216010343
 659  137.071997309   -0.025046944  -65.183591211   -0.047509906    0.022462962  173.781243473
 660  137.279997305   -0.025059380  -65.409334605   -0.047674442    0.022615062  174.957943412
 661  137.487997301   -0.024942455  -64.984298862   -0.047364649    0.022422194  173.465848974
 662  137.695997297   -0.024951030  -65.469987487   -0.047718650    0.022767620  176.138179173
 663  137.903997293   -0.024949944  -66.048990892   -0.048140664    0.023190720  179.411430277
 664  138.111997289   -0.024943959  -66.178007714   -0.048234700    0.023290741  180.185224611
 665  138.319997285   -0.024867708  -66.038700913   -0.048133164    0.023265456  179.989614344
 666  138.527997281   -0.024952884  -66.042104186   -0.048135644    0.023182761  179.349853649
 667  138.735997277   -0.024784407  -65.016430913   -0.047388069    0.022603662  174.869745179
 668  138.943997273   -0.024874851  -65.361994019   -0.047639937    0.022765087  176.118582648
 669  139.151997269   -0.024901079  -65.818543949   -0.047972700    0.023071621  178.490035333
 670  139.359997264   -0.024877247  -65.483225518   -0.047728298    0.022851051  176.783634994
 671  139.567997260   -0.024746082  -64.785497299   -0.047219750    0.022473668  173.864071347
 672  139.775997256   -0.024683819  -64.727832751   -0.047177721    0.022493902  174.020602842
 673  139.983997252   -0.024648455  -64.501609836   -0.047012835    0.022364380  173.018582061
 674  140.191997248   -0.024716540  -64.822473476   -0.047246701    0.022530160  174.301113016
 675  140.399997244   -0.024635167  -64.818214569   -0.047243597    0.022608430  174.906632488
 676  140.607997240   -0.024628792  -65.165924799   -0.047497030    0.022868237  176.916593538
 677  140.815997236   -0.024635530  -65.323839730   -0.047612128    0.022976598  177.754906367
 678  141.023997232   -0.024571096  -65.083426341   -0.047436900    0.022865803  176.897763089
 679  141.231997228   -0.024641467  -65.215796737   -0.047533380    0.022891913  177.099755010
 680  141.439997224   -0.024586540  -64.856761347   -0.047271692    0.022685152  175.500181246
 681  141.647997220   -0.024607499  -64.527488766   -0.047031697    0.022424198  173.481353436
 682  141.855997215   -0.024515485  -64.356855192   -0.046907329    0.022391844  173.231050353
 683  142.063997211   -0.024642958  -65.508535773   -0.047746746    0.023103789  178.738898550
 684  142.271997207   -0.024646659  -65.743930507   -0.047918317    0.023271658  180.037594594
 685  142.479997203   -0.024535207  -65.085001567   -0.047438048    0.022902841  177.184295093
 686  142.687997199   -0.024554129  -65.320495453   -0.047609691    0.023055561  178.365794846
 687  142.895997195   -0.024637196  -65.676019851   -0.047868819    0.023231623  179.727869584
 688  143.103997191   -0.024540360  -65.256317965   -0.047562914    0.023022554  178.110436634
 689  143.311997187   -0.024593001  -65.270392147   -0.047573172    0.022980172  177.782554965
 690  143.519997183   -0.024575461  -64.971459134   -0.047355291    0.022779830  176.232643020
 691  143.727997179   -0.024678105  -64.813031445   -0.047239819    0.022561714  174.545219293
 692  143.935997175   -0.024559509  -64.587071087   -0.047075125    0.022515615  174.188588141
 693  144.143997171   -0.024526925  -65.488381218   -0.047732056    0.023205131  179.522919231
 694  144.351997166   -0.024392565  -66.086111068   -0.048167719    0.023775154  183.932815955
 695  144.559997162   -0.024432504  -65.587561066   -0.047804345    0.023371841  180.812643937
 696  144.767997158   -0.024198367  -64.450434297   -0.046975535    0.022777168  176.212051893
 697  144.975997154   -0.024338033  -65.102599648   -0.047450874    0.023112842  178.808937916
 698  145.183997150   -0.024244235  -64.638922082   -0.047112917    0.022868682  176.920030830
 699  145.391997146   -0.024245329  -64.549740520   -0.047047916    0.022802587  176.408695499
 700  145.599997142   -0.024282540  -65.068051705   -0.047425694    0.023143154  179.043443021
 701  145.807997138   -0.024233613  -64.772018125   -0.047209926    0.022976313  177.752704847
 702  146.015997134   -0.024202590  -64.630431411   -0.047106728    0.022904138  177.194335228
 703  146.223997130   -0.024232501  -64.826039360   -0.047249300    0.023016798  178.065912601
 704  146.431997126   -0.024189181  -64.340549449   -0.046895444    0.022706263  175.663504103
 705  146.639997122   -0.024128053  -64.040737775   -0.046676923    0.022548870  174.445853927
 706  146.847997117   -0.024193031  -64.565258655   -0.047059226    0.022866196  176.900797159
 707  147.055997113   -0.024128130  -64.895365955   -0.047299829    0.023171699  179.264276784
 708  147.263997109   -0.024154134  -65.255482714   -0.047562305    0.023408171  181.093708915
 709  147.471997105   -0.024095114  -64.756542525   -0.047198646    0.023103532  178.736913652
 710  147.679997101   -0.024055057  -64.372149604   -0.046918476    0.022863419  176.879316924
 711  147.887997097   -0.024083758  -64.596076728   -0.047081689    0.022997931  177.919947396
 712  148.095997093   -0.024081753  -64.454503281   -0.046978501    0.022896748  177.137157791
 713  148.303997089   -0.024018369  -64.127910848   -0.046740460    0.022722090  175.785949334
 714  148.511997085   -0.023933090  -64.030741388   -0.046669637    0.022736546  175.897784070
 715  148.719997081   -0.023963154  -64.985455526   -0.047365492    0.023402338  181.048580208
 716  148.927997077   -0.024040994  -65.576028947   -0.047795939    0.023754946  183.776474575
 717  149.135997073   -0.023944337  -65.009668510   -0.047383140    0.023438804  181.330691291
 718  149.343997068   -0.023978759  -64.762441434   -0.047202946    0.023224187  179.670340920
 719  149.551997064   -0.023980079  -64.506069953   -0.047016086    0.023036007  178.214519541
 720  149.759997060   -0.024014113  -64.613447448   -0.047094349    0.023080236  178.556690439
 721  149.967997056   -0.023964473  -64.709119415   -0.047164081    0.023199608  179.480191203
 722  150.175997052   -0.023998631  -65.165165128   -0.047496476    0.023497845  181.787452964
 723  150.383997048   -0.023959415  -64.767117387   -0.047206354    0.023246938  179.846355625
 724  150.591997044   -0.023927890  -63.864788835   -0.046548680    0.022620790  175.002254453
 725  150.799997040   -0.023898218  -63.857389429   -0.046543287    0.022645068  175.190079764
 726  151.007997036   -0.023960774  -64.271373355   -0.046845024    0.022884250  177.040473263
 727  151.215997032   -0.023996390  -64.497392357   -0.047009761    0.023013371  178.039397406
 728  151.423997028   -0.023949902  -64.324185249   -0.046883517    0.022933615  177.422373649
 729  151.631997024   -0.023973289  -64.152698378   -0.046758527    0.022785237  176.274477181
 730  151.839997019   -0.023928132  -64.029592793   -0.046668799    0.022740667  175.929667711
 731  152.047997015   -0.023895008  -64.448502418   -0.046974127    0.023079119  178.548048149
 732  152.255997011   -0.024020500  -65.392298272   -0.047662025    0.023641525  182.899010489
 733  152.463997007   -0.023899928  -64.674414836   -0.047138786    0.023238858  179.783841178
 734  152.671997003   -0.023856258  -64.418668299   -0.046952382    0.023096124  178.679605147
 735  152.879996999   -0.023933366  -65.204218827   -0.047524941    0.023591575  182.512583216
 736  153.087996995   -0.023894917  -65.695606963   -0.047883095    0.023988178  185.580841450
 737  153.295996991   -0.023840591  -65.351339443   -0.047632172    0.023791581  184.059895423
 738  153.503996987   -0.023678129  -63.729675653   -0.046450201    0.022772072  176.172620868
 739  153.711996983   -0.023772885  -63.665668375   -0.046403548    0.022630663  175.078636285
 740  153.919996979   -0.023835196  -64.660533491   -0.047128669    0.023293473  180.206360904
 741  154.127996975   -0.023813708  -64.901938584   -0.047304620    0.023490911  181.733815387
 742  154.335996970   -0.023747584  -64.326825663   -0.046885441    0.023137857  179.002464003
 743  154.543996966   -0.023678238  -63.775940903   -0.046483922    0.022805684  176.432654862
 744  154.751996962   -0.023739291  -63.998158994   -0.046645888    0.022906597  177.213358390
 745  154.959996958   -0.023621645  -64.221752324   -0.046808857    0.023187212  179.384293931
 746  155.167996954   -0.023495186  -64.743262350   -0.047188967    0.023693780  183.303280113
 747  155.375996950   -0.023334093  -64.796826159   -0.047228007    0.023893914  184.851582634
 748  155.583996946   -0.023131201  -64.915282420   -0.047314346    0.024183145  187.089172101
 749  155.791996942   -0.023021579  -64.185783322   -0.046782641    0.023761062  183.823791096
 750  155.999996938   -0.023052263  -64.088871287   -0.046712005    0.023659743  183.039952759
 751  156.207996934   -0.022977174  -63.535275584   -0.046308510    0.023331336  180.499286809
 752  156.415996930   -0.023029580  -63.490672713   -0.046276001    0.023246421  179.842351683
 753  156.623996926   -0.023048687  -63.858397051   -0.046544021    0.023495334  181.768032023
 754  156.831996921   -0.023058846  -63.927007122   -0.046594029    0.023535182  182.076308300
 755  157.039996917   -0.023048189  -63.748848119   -0.046464175    0.023415986  181.154167806
 756  157.247996913   -0.023002635  -63.885300113   -0.046563630    0.023560995  182.276007849
 757  157.455996909   -0.022827652  -63.969807342   -0.046625224    0.023797572  184.106245509
 758  157.663996905   -0.022890479  -64.067727207   -0.046696594    0.023806115  184.172340517
 759  157.871996901   -0.022761176  -63.833014100   -0.046525520    0.023764344  183.849184329
 760  158.079996897   -0.022850183  -64.188004726   -0.046784260    0.023934077  185.162294436
 761  158.287996893   -0.022819607  -64.003353315   -0.046649674    0.023830067  184.357639960
 762  158.495996889   -0.022775509  -63.799856142   -0.046501353    0.023725844  183.551332088
 763  158.703996885   -0.022811297  -64.310796955   -0.046873759    0.024062462  186.155528089
 764  158.911996881   -0.022766541  -64.378978011   -0.046923453    0.024156912  186.886227387
 765  159.119996877   -0.022768673  -64.412539757   -0.046947915    0.024179242  187.058978326
 766  159.327996872   -0.022738318  -64.060015326   -0.046690973    0.023952656  185.306028269
 767  159.535996868   -0.022711949  -63.421813268   -0.046225811    0.023513863  181.911374204
 768  159.743996864   -0.022646884  -63.452419796   -0.046248119    0.023601235  182.587316879
 769  159.951996860   -0.022815677  -64.469668977   -0.046989555    0.024173878  187.017480178
 770  160.159996856   -0.022655474  -63.274121059   -0.046118164    0.023462690  181.515483888
 771  160.367996852   -0.022676454  -62.427875381   -0.045501367    0.022824913  176.581421272
 772  160.575996848   -0.022738136  -63.227372201   -0.046084091    0.023345955  180.612381217
 773  160.783996844   -0.022787538  -64.686700987   -0.047147741    0.024360203  188.458958089
 774  160.991996840   -0.022773235  -65.118855240   -0.047462722    0.024689488  191.006415765
 775  161.199996836   -0.022841495  -65.142532087   -0.047479980    0.024638485  190.611837635
 776  161.407996832   -0.022744883  -64.443125444   -0.046970208    0.024225325  187.415493821
 777  161.615996828   -0.022831168  -64.293641125   -0.046861254    0.024030086  185.905057639
 778  161.823996823   -0.022744057  -63.663770559   -0.046402165    0.023658108  183.027302893
 779  162.031996819   -0.022779152  -63.212433176   -0.046073202    0.023294050  180.210828792
 780  162.239996815   -0.022702354  -62.904052697   -0.045848435    0.023146081  179.066088327
 781  162.447996811   -0.022586835  -63.037651476   -0.045945810    0.023358975  180.713108781
 782  162.655996807   -0.022440297  -63.405836266   -0.046214166    0.023773869  183.922875784
 783  162.863996803   -0.022516013  -63.889130617   -0.046566422    0.024050409  186.062279005
 784  163.071996799   -0.022385419  -62.695983695   -0.045696781    0.023311362  180.344761932
 785  163.279996795   -0.022302491  -62.574722907   -0.045608399    0.023305907  180.302560398
 786  163.487996791   -0.022533128  -64.152996790   -0.046758744    0.024225616  187.417741978
 787  163.695996787   -0.022312478  -63.482170358   -0.046269803    0.023957326  185.342158888
 788  163.903996783   -0.022324928  -63.650382174   -0.046392407    0.024067479  186.194342014
 789  164.111996779   -0.022403965  -64.532590603   -0.047035416    0.024631451  190.557422644
 790  164.319996774   -0.022380512  -64.519767410   -0.047026070    0.024645557  190.666553757
 791  164.527996770   -0.022281637  -64.075160234   -0.046702012    0.024420375  188.924464131
 792  164.735996766   -0.022365498  -64.121731727   -0.046735956    0.024370458  188.538292537
 793  164.943996762   -0.022307498  -63.045335205   -0.045951410    0.023643912  182.917480517
 794  165.151996758   -0.022121641  -62.225966263   -0.045354203    0.023232562  179.735132044
 795  165.359996754   -0.022210849  -63.238263628   -0.046092029    0.023881180  184.753067367
 796  165.567996750   -0.022088912  -62.793161460   -0.045767610    0.023678698  183.186599225
 797  165.775996746   -0.022178123  -63.362823329   -0.046182816    0.024004693  185.708606388
 798  165.983996742   -0.022180928  -63.407954061   -0.046215710    0.024034782  185.941384246
 799  166.191996738   -0.022090031  -62.820090706   -0.045787238    0.023697207  183.329791613
 800  166.399996734   -0.022082965  -63.497664111   -0.046281096    0.024198131  187.205108608
 801  166.607996730   -0.022166859  -64.638548212   -0.047112644    0.024945786  192.989225928
 802  166.815996725   -0.022096546  -64.507452092   -0.047017093    0.024920548  192.793975098
 803  167.023996721   -0.021993995  -63.544326563   -0.046315107    0.024321112  188.156532665
 804  167.231996717   -0.021890579  -62.799439926   -0.045772187    0.023881608  184.756378371
 805  167.439996713   -0.021943619  -63.336834682   -0.046163874    0.024220255  187.376267388
 806  167.647996709   -0.021908525  -63.453513869   -0.046248917    0.024340391  188.305685541
 807  167.855996705   -0.021896473  -63.286122076   -0.046126911    0.024230438  187.455046704
 808  168.063996701   -0.021810405  -63.193835478   -0.046059647    0.024249242  187.600522429
 809  168.271996697   -0.021906425  -63.781856989   -0.046488234    0.024581809  190.173375688
 810  168.479996693   -0.021851635  -62.738049719   -0.045727441    0.023875807  184.711497611
 811  168.687996689   -0.021719507  -61.764292635   -0.045017706    0.023298199  180.242927518
 812  168.895996685   -0.021896191  -62.692776558   -0.045694444    0.023798253  184.111514031
 813  169.103996681   -0.021767796  -62.660487160   -0.045670909    0.023903113  184.922748495
 814  169.311996677   -0.021897339  -63.555268770   -0.046323082    0.024425743  188.965994639
 815  169.519996672   -0.021763807  -63.468151362   -0.046259586    0.024495778  189.507812868
 816  169.727996668   -0.021831205  -63.663399754   -0.046401895    0.024570690  190.087356163
 817  169.935996664   -0.021839231  -63.301585988   -0.046138182    0.024298951  187.985086923
 818  170.143996660   -0.021636285  -62.828728937   -0.045793534    0.024157249  186.888830885
 819  170.351996656   -0.021602808  -64.070294973   -0.046698466    0.025095658  194.148688570
 820  170.559996652   -0.021617749  -64.062519089   -0.046692798    0.025075049  193.989248863
 821  170.767996648   -0.021549661  -63.245231153   -0.046097107    0.024547446  189.907535081
 822  170.975996644   -0.021624659  -63.156736312   -0.046032607    0.024407948  188.828326365
 823  171.183996640   -0.021537746  -62.864143909   -0.045819347    0.024281601  187.850859796
 824  171.391996636   -0.021536657  -63.296295502   -0.046134326    0.024597669  190.296074783
 825  171.599996632   -0.021638522  -63.734063807   -0.046453399    0.024814877  191.976470022
 826  171.807996628   -0.021429361  -62.397062118   -0.045478908    0.024049547  186.055612933
 827  172.015996623   -0.021519427  -62.193857052   -0.045330800    0.023811373  184.213013858
 828  172.223996619   -0.021499333  -62.507939592   -0.045559723    0.024060390  186.139499718
 829  172.431996615   -0.021504836  -62.828949219   -0.045793695    0.024288858  187.907009239
 830  172.639996611   -0.021465670  -63.354778682   -0.046176952    0.024711282  191.175023515
 831  172.847996607   -0.021526156  -63.658887089   -0.046398606    0.024872450  192.421874173
 832  173.055996603   -0.021460217  -62.832531637   -0.045796306    0.024336089  188.272402124
 833  173.263996599   -0.021572854  -62.812350958   -0.045781597    0.024208743  187.287208439
 834  173.471996595   -0.021424416  -62.161000721   -0.045306852    0.023882436  184.762780578
 835  173.679996591   -0.021418631  -62.432115787   -0.045504458    0.024085827  186.336283755
 836  173.887996587   -0.021414443  -62.996428332   -0.045915764    0.024501321  189.550689759
 837  174.095996583   -0.021396505  -63.470458486   -0.046261267    0.024864762  192.362395587
 838  174.303996579   -0.021405459  -63.611645325   -0.046364173    0.024958714  193.089239440
 839  174.511996574   -0.021327960  -63.127186685   -0.046011069    0.024683109  190.957070907
 840  174.719996570   -0.021214602  -62.794747513   -0.045768766    0.024554164  189.959506242
 841  174.927996566   -0.021330693  -63.329208317   -0.046158315    0.024827622  192.075073389
 842  175.135996562   -0.021307023  -63.091706681   -0.045985209    0.024678186  190.918983597
 843  175.343996558   -0.021241032  -62.713093700   -0.045709252    0.024468220  189.294608811
 844  175.551996554   -0.021349097  -63.348598979   -0.046172448    0.024823351  192.042028171
 845  175.759996550   -0.021286682  -63.327389880   -0.046156990    0.024870308  192.405302342
 846  175.967996546   -0.021245128  -62.893415446   -0.045840682    0.024595554  190.279712648
 847  176.175996542   -0.021269321  -62.374363949   -0.045462364    0.024193043  187.165748611
 848  176.383996538   -0.021127785  -62.048580243   -0.045224913    0.024097128  186.423716461
 849  176.591996534   -0.021267516  -63.214042957   -0.046074375    0.024806860  191.914444644
 850  176.799996530   -0.021148890  -62.897898996   -0.045843950    0.024695060  191.049524985
 851  177.007996525   -0.020973437  -62.097233287   -0.045260374    0.024286937  187.892143759
 852  177.215996521   -0.020976473  -61.856976352   -0.045085260    0.024108787  186.513914327
 853  177.423996517   -0.020883368  -61.814085573   -0.045053998    0.024170630  186.992355441
 854  177.631996513   -0.020766798  -61.836974305   -0.045070681    0.024303883  188.023246582
 855  177.839996509   -0.020753262  -62.177833300   -0.045319120    0.024565859  190.049979704
 856  178.047996505   -0.020693713  -62.672316713   -0.045679531    0.024985818  193.298928274
 857  178.255996501   -0.020731247  -63.390859694   -0.046203251    0.025472003  197.060226315
 858  178.463996497   -0.020673700  -63.477653066   -0.046266511    0.025592811  197.994838501
 859  178.671996493   -0.020677461  -63.222089110   -0.046080240    0.025402779  196.524680078
 860  178.879996489   -0.020556847  -62.677133146   -0.045683042    0.025126195  194.384934205
 861  179.087996485   -0.020569480  -62.491657360   -0.045547855    0.024978375  193.241349183
 862  179.295996481   -0.020507094  -62.152590880   -0.045300722    0.024793628  191.812081752
 863  179.503996476   -0.020420640  -62.057303319   -0.045231271    0.024810631  191.943621241
 864  179.711996472   -0.020497624  -63.217253111   -0.046076715    0.025579091  197.888695517
 865  179.919996468   -0.020500990  -63.378689017   -0.046194380    0.025693390  198.772951927
 866  180.127996464   -0.020368160  -62.819286607   -0.045786652    0.025418492  196.646246758
 867  180.335996460   -0.020496107  -63.236748887   -0.046090925    0.025594818  198.010365536
 868  180.543996456   -0.020352815  -62.309184330   -0.045414857    0.025062042  193.888624442
 869  180.751996452   -0.020309581  -61.731162992   -0.044993559    0.024683978  190.963793501
 870  180.959996448   -0.020295166  -61.505745160   -0.044829260    0.024534095  189.804240745
 871  181.167996444   -0.020231584  -61.102625649   -0.044535441    0.024303857  188.023045036
 872  181.375996440   -0.020198017  -61.139371887   -0.044562224    0.024364207  188.489934780
 873  181.583996436   -0.020233549  -62.072062240   -0.045242028    0.025008478  193.474237808
 874  181.791996432   -0.020132937  -62.581876516   -0.045613613    0.025480676  197.127318245
 875  181.999996427   -0.020177369  -62.571444461   -0.045606009    0.025428640  196.724756348
 876  182.207996423   -0.020030594  -62.068413734   -0.045239369    0.025208775  195.023798496
 877  182.415996419   -0.020121606  -62.661531244   -0.045671670    0.025550064  197.664131413
 878  182.623996415   -0.020019512  -61.563564695   -0.044871403    0.024851891  192.262819811
 879  182.831996411   -0.019921547  -60.366040626   -0.043998572    0.024077024  186.268188035
 880  183.039996407   -0.020037347  -61.136968113   -0.044560472    0.024523126  189.719381520
 881  183.247996403   -0.019920996  -61.294882071   -0.044675570    0.024754574  191.509944191
 882  183.455996399   -0.019874654  -61.523010356   -0.044841844    0.024967191  193.154821335
 883  183.663996395   -0.019876131  -62.072121393   -0.045242071    0.025365940  196.239680717
 884  183.871996391   -0.019903474  -62.537475464   -0.045581250    0.025677777  198.652159445
 885  184.079996387   -0.019889558  -62.089814860   -0.045254967    0.025365410  196.235580305
 886  184.287996383   -0.019814611  -61.604363995   -0.044901140    0.025086529  194.078065128
 887  184.495996378   -0.019909668  -62.355082966   -0.045448311    0.025538644  197.575778822
 888  184.703996374   -0.019755308  -61.778759987   -0.045028251    0.025272943  195.520226317
 889  184.911996370   -0.019753953  -61.850354078   -0.045080433    0.025326480  195.934411725
 890  185.119996366   -0.019634875  -61.592353578   -0.044892386    0.025257511  195.400837815
 891  185.327996362   -0.019637286  -61.595921203   -0.044894986    0.025257700  195.402301607
 892  185.535996358   -0.019502004  -61.489581076   -0.044817479    0.025315475  195.849268543
 893  185.743996354   -0.019375086  -61.796243344   -0.045040994    0.025665908  198.560338222
 894  185.951996350   -0.019389780  -61.982431228   -0.045176699    0.025786919  199.496524044
 895  186.159996346   -0.019211366  -61.115537132   -0.044544852    0.025333486  195.988612522
 896  186.367996342   -0.019259330  -60.965193578   -0.044435272    0.025175943  194.769798671
 897  186.575996338   -0.019245263  -61.385982781   -0.044741970    0.025496707  197.251342531
 898  186.783996334   -0.019224312  -61.821716573   -0.045059560    0.025835248  199.870412793
 899  186.991996329   -0.019136586  -61.563952945   -0.044871686    0.025735100  199.095633413
 900  187.199996325   -0.019233415  -61.860011961   -0.045087472    0.025854058  200.015931857
 901  187.407996321   -0.018963139  -61.378199551   -0.044736297    0.025773158  199.390060702
 902  187.615996317   -0.018983381  -61.966669409   -0.045165211    0.026181830  202.551688253
 903  187.823996313   -0.019008484  -62.273297320   -0.045388701    0.026380217  204.086478202
 904  188.031996309   -0.018877363  -61.173982580   -0.044587451    0.025710088  198.902130834
 905  188.239996305   -0.018768151  -60.623121434   -0.044185949    0.025417798  196.640874794
 906  188.447996301   -0.018816374  -61.229593294   -0.044627983    0.025811609  199.687534617
 907  188.655996297   -0.018910171  -61.645466892   -0.044931098    0.026020928  201.306894455
 908  188.863996293   -0.018652538  -60.062255259   -0.043777154    0.025124616  194.372720888
 909  189.071996289   -0.018689548  -59.883584901   -0.043646928    0.024957379  193.078918172
 910  189.279996285   -0.018606063  -60.341734685   -0.043980856    0.025374793  196.308174411
 911  189.487996280   -0.018732621  -61.568161518   -0.044874753    0.026142132  202.244577443
 912  189.695996276   -0.018588087  -61.447826080   -0.044787045    0.026198958  202.684200520
 913  189.903996272   -0.018670686  -61.909378495   -0.045123454    0.026452768  204.647758748
 914  190.111996268   -0.018568230  -61.701596279   -0.044972009    0.026403779  204.268765517
 915  190.319996264   -0.018564160  -61.658599464   -0.044940670    0.026376510  204.057804335
 916  190.527996260   -0.018441152  -61.081817486   -0.044520275    0.026079123  201.757116034
 917  190.735996256   -0.018517235  -61.342889623   -0.044710561    0.026193326  202.640629302
 918  190.943996252   -0.018433708  -60.873890476   -0.044368725    0.025935017  200.642259314
 919  191.151996248   -0.018364601  -60.729806770   -0.044263708    0.025899107  200.364446356
 920  191.359996244   -0.018441020  -61.426236646   -0.044771310    0.026330290  203.700226864
 921  191.567996240   -0.018458821  -61.248150560   -0.044641509    0.026182688  202.558333258
 922  191.775996236   -0.018320748  -60.055648024   -0.043772338    0.025451590  196.902300849
 923  191.983996231   -0.018364108  -60.559581090   -0.044139636    0.025775528  199.408399488
 924  192.191996227   -0.018467070  -61.677833646   -0.044954689    0.026487619  204.917380217
 925  192.399996223   -0.018304319  -61.171479358   -0.044585626    0.026281307  203.321282101
 926  192.607996219   -0.018380460  -61.388280388   -0.044743645    0.026363184  203.954712401
 927  192.815996215   -0.018313339  -61.013528424   -0.044470502    0.026157163  202.360856574
 928  193.023996211   -0.018222788  -60.490194986   -0.044089063    0.025866275  200.110448840
 929  193.231996207   -0.018064075  -60.134420802   -0.043829753    0.025765678  199.332194404
 930  193.439996203   -0.018152610  -60.465369342   -0.044070969    0.025918359  200.513386162
 931  193.647996199   -0.018077781  -60.354404022   -0.043990090    0.025912310  200.466588736
 932  193.855996195   -0.018051362  -60.380271736   -0.044008944    0.025957582  200.816831065
 933  194.063996191   -0.018094120  -61.101905003   -0.044534916    0.026440796  204.555142129
 934  194.271996187   -0.018102849  -61.728606794   -0.044991696    0.026888847  208.021418297
 935  194.479996182   -0.018026115  -60.788297416   -0.044306339    0.026280225  203.312907148
 936  194.687996178   -0.017930841  -59.938554149   -0.043686993    0.025756152  199.258499809
 937  194.895996174   -0.018009111  -60.676667234   -0.044224976    0.026215865  202.815000842
 938  195.103996170   -0.018103086  -61.189676453   -0.044598890    0.026495804  204.980699460
 939  195.311996166   -0.017832666  -60.080287194   -0.043790297    0.025957631  200.817211638
 940  195.519996162   -0.017887646  -61.202868657   -0.044608505    0.026720858  206.721801968
 941  195.727996158   -0.017862543  -60.972646733   -0.044440705    0.026578162  205.617851712
 942  195.935996154   -0.017686026  -60.188064394   -0.043868852    0.026182826  202.559394748
 943  196.143996150   -0.017668168  -60.912586737   -0.044396929    0.026728761  206.782937354
 944  196.351996146   -0.017566133  -60.809792709   -0.044322006    0.026755873  206.992689815
 945  196.559996142   -0.017541652  -61.029690426   -0.044482282    0.026940630  208.422030740
 946  196.767996138   -0.017567838  -60.801452410   -0.044315927    0.026748089  206.932470292
 947  196.975996133   -0.017404882  -59.974202425   -0.043712976    0.026308093  203.528506734
 948  197.183996129   -0.017493182  -60.196174470   -0.043874763    0.026381581  204.097035730
 949  197.391996125   -0.017438103  -59.887152504   -0.043649528    0.026211425  202.780651028
 950  197.599996121   -0.017322719  -59.708111732   -0.043519032    0.026196313  202.663736945
 951  197.807996117   -0.017396663  -60.088886951   -0.043796565    0.026399901  204.238767734
 952  198.015996113   -0.017198248  -59.780911948   -0.043572093    0.026373846  204.037191486
 953  198.223996109   -0.017316416  -60.950203452   -0.044424347    0.027107930  209.716323106
 954  198.431996105   -0.017220678  -61.205999865   -0.044610787    0.027390109  211.899353161
 955  198.639996101   -0.017156691  -60.581621758   -0.044155701    0.026999010  208.873679628
 956  198.847996097   -0.017095771  -60.009844057   -0.043738953    0.026643182  206.120871739
 957  199.055996093   -0.017116381  -60.047666937   -0.043766521    0.026650140  206.174698737
 958  199.263996089   -0.017036296  -60.095614059   -0.043801468    0.026765172  207.064623413
 959  199.471996084   -0.016909008  -60.047693365   -0.043766540    0.026857532  207.779157661
 960  199.679996080   -0.016950994  -60.045527618   -0.043764962    0.026813968  207.442125993
 961  199.887996076   -0.016893688  -59.341305736   -0.043251681    0.026357992  203.914543689
 962  200.095996072   -0.016839183  -58.693836030   -0.042779764    0.025940581  200.685307250
 963  200.303996068   -0.016821889  -59.195495387   -0.043145405    0.026323516  203.647824139
 964  200.511996064   -0.016783048  -59.841116105   -0.043615974    0.026832926  207.588798050
 965  200.719996060   -0.016733194  -60.389539263   -0.044015699    0.027282505  211.066896707
 966  200.927996056   -0.016787710  -60.851311619   -0.044352268    0.027564558  213.248956055
 967  201.135996052   -0.016636564  -59.921536342   -0.043674589    0.027038025  209.175510706
 968  201.343996048   -0.016520095  -59.129641587   -0.043097406    0.026577312  205.611275279
 969  201.551996044   -0.016465629  -59.929843747   -0.043680644    0.027215016  210.544772529
 970  201.759996040   -0.016584630  -61.020843247   -0.044475833    0.027891203  215.775993185
 971  201.967996035   -0.016389786  -60.145251823   -0.043837647    0.027447862  212.346149793
 972  202.175996031   -0.016427555  -60.171995576   -0.043857140    0.027429584  212.204749761
 973  202.383996027   -0.016382755  -59.922329454   -0.043675167    0.027292412  211.143538570
 974  202.591996023   -0.016310721  -59.433251749   -0.043318697    0.027007976  208.943043221
 975  202.799996019   -0.016304200  -59.405922866   -0.043298778    0.026994578  208.839391107
 976  203.007996015   -0.016269336  -59.512092174   -0.043376160    0.027106824  209.707766234
 977  203.215996011   -0.016205849  -59.221180172   -0.043164125    0.026958276  208.558547065
 978  203.423996007   -0.016188791  -59.543812875   -0.043399281    0.027210489  210.509754200
 979  203.631996003   -0.016126022  -59.288614057   -0.043213276    0.027087253  209.556359496
 980  203.839995999   -0.016037285  -59.195310732   -0.043145270    0.027107985  209.716747231
 981  204.047995995   -0.016202800  -60.296070597   -0.043947573    0.027744774  214.643163258
 982  204.255995991   -0.016028120  -59.246163089   -0.043182335    0.027154214  210.074392381
 983  204.463995986   -0.016030214  -59.215061489   -0.043159666    0.027129452  209.882819787
 984  204.671995982   -0.015969914  -59.364932007   -0.043268901    0.027298987  211.194406284
 985  204.879995978   -0.015927090  -59.060164004   -0.043046767    0.027119677  209.807202022
 986  205.087995974   -0.016004449  -59.279255461   -0.043206454    0.027202006  210.444123724
 987  205.295995970   -0.015763493  -59.005302460   -0.043006780    0.027243287  210.763491691
 988  205.503995966   -0.015746975  -59.335632047   -0.043247545    0.027500570  212.753918924
 989  205.711995962   -0.015639129  -59.047910898   -0.043037836    0.027398707  211.965869150
 990  205.919995958   -0.015633550  -59.606338094   -0.043444853    0.027811303  215.157855605
 991  206.127995954   -0.015534155  -59.457766118   -0.043336564    0.027802409  215.089049884
 992  206.335995950   -0.015595533  -59.151415915   -0.043113277    0.027517744  212.886784030
 993  206.543995946   -0.015341080  -58.355830861   -0.042533404    0.027192324  210.369222554
 994  206.751995942   -0.015362427  -58.952389790   -0.042968214    0.027605787  213.567913882
 995  206.959995937   -0.015133965  -58.869461978   -0.042907771    0.027773806  214.867767448
 996  207.167995933   -0.015122613  -60.035275821   -0.043757490    0.028634877  221.529311064
 997  207.375995929   -0.014924331  -59.524300994   -0.043385059    0.028460729  220.182038798
 998  207.583995925   -0.014866577  -58.259987226   -0.042463548    0.027596971  213.499710979
 999  207.791995921   -0.014891793  -58.081608945   -0.042333534    0.027441741  212.298798655
1000  207.999995917   -0.014717524  -58.153509932   -0.042385940    0.027668417  214.052439596
1001  208.207995913   -0.014855290  -58.829547956   -0.042878679    0.028023390  216.798633291
