 r, gr
  4.692148158312472E-002  0.000000000000000E+000
  9.384296316624943E-002  0.000000000000000E+000
  0.140764444749374       0.000000000000000E+000
  0.187685926332499       0.000000000000000E+000
  0.234607407915624       0.000000000000000E+000
  0.281528889498748       0.000000000000000E+000
  0.328450371081873       0.000000000000000E+000
  0.375371852664998       0.000000000000000E+000
  0.422293334248122       0.000000000000000E+000
  0.469214815831247       0.000000000000000E+000
  0.516136297414372       0.000000000000000E+000
  0.563057778997497       0.000000000000000E+000
  0.609979260580621       0.000000000000000E+000
  0.656900742163746       0.000000000000000E+000
  0.703822223746871       0.000000000000000E+000
  0.750743705329995       0.000000000000000E+000
  0.797665186913120       0.000000000000000E+000
  0.844586668496245       0.000000000000000E+000
  0.891508150079370       0.000000000000000E+000
  0.938429631662494       0.000000000000000E+000
  0.985351113245619       0.000000000000000E+000
   1.03227259482874       0.000000000000000E+000
   1.07919407641187       0.000000000000000E+000
   1.12611555799499       0.000000000000000E+000
   1.17303703957812       0.000000000000000E+000
   1.21995852116124       0.000000000000000E+000
   1.26688000274437       0.000000000000000E+000
   1.31380148432749       0.000000000000000E+000
   1.36072296591062       0.000000000000000E+000
   1.40764444749374       0.000000000000000E+000
   1.45456592907687       0.000000000000000E+000
   1.50148741065999       0.000000000000000E+000
   1.54840889224312       0.000000000000000E+000
   1.59533037382624       0.000000000000000E+000
   1.64225185540937       0.000000000000000E+000
   1.68917333699249       0.000000000000000E+000
   1.73609481857561       0.000000000000000E+000
   1.78301630015874       0.000000000000000E+000
   1.82993778174186       0.000000000000000E+000
   1.87685926332499       0.000000000000000E+000
   1.92378074490811       0.000000000000000E+000
   1.97070222649124       0.000000000000000E+000
   2.01762370807436       0.000000000000000E+000
   2.06454518965749       0.000000000000000E+000
   2.11146667124061       0.000000000000000E+000
   2.15838815282374       0.000000000000000E+000
   2.20530963440686       0.000000000000000E+000
   2.25223111598999       0.000000000000000E+000
   2.29915259757311       0.000000000000000E+000
   2.34607407915624       0.000000000000000E+000
   2.39299556073936       0.000000000000000E+000
   2.43991704232249       0.000000000000000E+000
   2.48683852390561       0.000000000000000E+000
   2.53376000548873       0.000000000000000E+000
   2.58068148707186       0.000000000000000E+000
   2.62760296865498       0.000000000000000E+000
   2.67452445023811       0.000000000000000E+000
   2.72144593182123       0.000000000000000E+000
   2.76836741340436       0.000000000000000E+000
   2.81528889498748       0.000000000000000E+000
   2.86221037657061       0.000000000000000E+000
   2.90913185815373       0.000000000000000E+000
   2.95605333973686       0.000000000000000E+000
   3.00297482131998       0.000000000000000E+000
   3.04989630290311       0.000000000000000E+000
   3.09681778448623       0.000000000000000E+000
   3.14373926606936       0.000000000000000E+000
   3.19066074765248       0.000000000000000E+000
   3.23758222923561       0.000000000000000E+000
   3.28450371081873       0.000000000000000E+000
   3.33142519240185       0.000000000000000E+000
   3.37834667398498       0.000000000000000E+000
   3.42526815556810       1.565058239736179E-002
   3.47218963715123       0.000000000000000E+000
   3.51911111873435       4.449722043986479E-002
   3.56603260031748       0.144471714366943     
   3.61295408190060       0.295611785736994     
   3.65987556348373       0.521375105681485     
   3.70679704506685        1.12370207630292     
   3.75371852664998        1.16119335493801     
   3.80064000823310        1.33653554654361     
   3.84756148981623        1.56519773755666     
   3.89448297139935        1.70982968097146     
   3.94140445298248        2.21429255996106     
   3.98832593456560        2.01244467060524     
   4.03524741614873        2.10178250715071     
   4.08216889773185        1.87732718513593     
   4.12909037931497        2.25614498374409     
   4.17601186089810        2.59654826153113     
   4.22293334248122        2.40528323702625     
   4.26985482406435        2.37319394811482     
   4.31677630564747        2.09488432154650     
   4.36369778723060        2.13735564685261     
   4.41061926881372        2.12076344730490     
   4.45754075039685        1.83555059409307     
   4.50446223197997        1.80678486572984     
   4.55138371356310        1.86774738496963     
   4.59830519514622        1.79515895545033     
   4.64522667672935        1.51159459404685     
   4.69214815831247        1.39795324077242     
   4.73906963989560        1.56750758347889     
   4.78599112147872        1.41635908654689     
   4.83291260306185        1.06551991484568     
   4.87983408464497        1.29298193427078     
   4.92675556622810        1.14704553101196     
   4.97367704781122        1.17778647099123     
   5.02059852939434        1.22913929266951     
   5.06752001097747        1.09885594200664     
   5.11444149256059        1.14234066898543     
   5.16136297414372        1.03174085742110     
   5.20828445572684       0.938508739848725     
   5.25520593730997        1.00206348171156     
   5.30212741889309       0.813840003760739     
   5.34904890047622       0.999608280533844     
   5.39597038205934       0.766885576537297     
   5.44289186364247       0.884597500449298     
   5.48981334522559       0.820612871254296     
   5.53673482680872       0.969389873837702     
   5.58365630839184       0.746009024139711     
   5.63057778997497       0.809375575837376     
   5.67749927155809       0.801834814911057     
   5.72442075314122       0.642306242613138     
   5.77134223472434       0.687380611170778     
   5.81826371630746       0.621835761299775     
   5.86518519789059       0.767641011083535     
   5.91210667947371       0.623462842749121     
   5.95902816105684       0.842566716645305     
   6.00594964263996       0.721975643193573     
   6.05287112422309       0.731035029964345     
   6.09979260580621       0.724839059353902     
   6.14671408738934       0.777419458282722     
   6.19363556897246       0.842783668950568     
   6.24055705055559       0.721092380626077     
   6.28747853213871       0.630956007875214     
   6.33440001372184       0.764432965264448     
   6.38132149530496       0.730584596940102     
   6.42824297688809       0.787077029723223     
   6.47516445847121       0.625891122487602     
   6.52208594005434       0.799428135184115     
   6.56900742163746       0.770956552650710     
   6.61592890322058       0.730538816357224     
   6.66285038480371       0.845232928143119     
   6.70977186638683       0.780117323496902     
   6.75669334796996       0.834145235808700     
   6.80361482955308       0.802749866506945     
   6.85053631113621       0.921829925386894     
   6.89745779271933       0.882169490623231     
   6.94437927430246       0.874162514509450     
   6.99130075588558        1.02895594375355     
   7.03822223746871       0.880945996140072     
   7.08514371905183        1.00565191590592     
   7.13206520063496       0.959786338822504     
   7.17898668221808       0.925791717569327     
   7.22590816380121       0.935098421657389     
   7.27282964538433       0.972062956370933     
   7.31975112696746        1.01146146075390     
   7.36667260855058        1.05660095625248     
   7.41359409013370       0.959172606585139     
   7.46051557171683        1.02029899498973     
   7.50743705329995       0.981367317779257     
   7.55435853488308        1.11836749236833     
   7.60128001646620        1.07262665883442     
   7.64820149804933        1.24615261957595     
   7.69512297963245        1.10606844059042     
   7.74204446121558        1.13595828114989     
   7.78896594279870        1.17420203604683     
   7.83588742438183        1.10296581808670     
   7.88280890596495        1.20009559543491     
   7.92973038754808        1.13300531066940     
   7.97665186913120        1.12557084209256     
   8.02357335071433        1.21884437707032     
   8.07049483229745        1.21043664964749     
   8.11741631388058        1.24708107984802     
   8.16433779546370        1.27170186339100     
   8.21125927704682        1.03489863551903     
   8.25818075862995        1.19419150114147     
   8.30510224021307        1.17809018433611     
   8.35202372179620        1.14900574554888     
   8.39894520337932        1.12574271158093     
   8.44586668496245        1.05102096878677     
   8.49278816654557        1.20886674470048     
   8.53970964812870        1.17788539573170     
   8.58663112971182        1.09226476907460     
   8.63355261129495        1.03326425895009     
   8.68047409287807        1.09832412787416     
   8.72739557446120        1.01851444080792     
   8.77431705604432       0.957175071232200     
   8.82123853762745        1.04698589193109     
   8.86816001921057       0.998293632283689     
   8.91508150079370       0.997159640815371     
   8.96200298237682       0.984467112049012     
   9.00892446395995        1.03130677607199     
   9.05584594554307        1.02067484210517     
   9.10276742712620       0.945392342217797     
   9.14968890870932       0.977776690417900     
   9.19661039029245        1.05105894212333     
   9.24353187187557       0.979749809767194     
   9.29045335345869       0.976340571674176     
   9.33737483504182        1.05579976290215     
   9.38429631662494       0.969578891463368     
   9.43121779820807       0.920413876870844     
   9.47813927979119       0.991758701238463     
   9.52506076137432       0.871786329888006     
   9.57198224295744       0.934041916438476     
   9.61890372454057       0.999051593784146     
   9.66582520612369       0.914053983047939     
   9.71274668770682       0.993631509034719     
   9.75966816928994       0.890767591055089     
   9.80658965087307       0.878431385383292     
   9.85351113245619       0.902543212315729     
   9.90043261403932       0.950732441289771     
   9.94735409562244       0.954912078380749     
   9.99427557720557       0.916309685210915     
   10.0411970587887       0.898597819178060     
   10.0881185403718       0.903021787823552     
   10.1350400219549       0.907325866884967     
   10.1819615035381       0.900789115006993     
   10.2288829851212       0.965172062237939     
   10.2758044667043       0.959907548280289     
   10.3227259482874       0.958176571473097     
   10.3696474298706       0.859932232249501     
   10.4165689114537       0.934196950800782     
   10.4634903930368       0.947859851671019     
   10.5104118746199       0.920981309077383     
   10.5573333562031       0.971026145523798     
   10.6042548377862       0.954230571586937     
   10.6511763193693        1.00140292140935     
   10.6980978009524       0.982941043756098     
   10.7450192825356       0.998472708257871     
   10.7919407641187       0.999376156985142     
   10.8388622457018        1.03177966220158     
   10.8857837272849       0.927512967497039     
   10.9327052088681       0.973861261978387     
   10.9796266904512       0.988636183763991     
   11.0265481720343        1.02294415565072     
   11.0734696536174       0.956869371815878     
   11.1203911352006       0.995295614788672     
   11.1673126167837       0.991426017484435     
   11.2142340983668        1.04507257128943     
   11.2611555799499        1.07586779606350     
   11.3080770615331        1.14960905890160     
   11.3549985431162       0.993495322723762     
   11.4019200246993        1.00246372047298     
   11.4488415062824        1.00418076250813     
   11.4957629878656        1.07597864342916     
   11.5426844694487        1.03943668346503     
   11.5896059510318        1.02829365530074     
   11.6365274326149       0.989912494452856     
   11.6834489141981        1.02681450497730     
   11.7303703957812        1.04288592049694     
