 r, gr
  4.692148158312472E-002  0.000000000000000E+000
  9.384296316624943E-002  0.000000000000000E+000
  0.140764444749374       0.000000000000000E+000
  0.187685926332499       0.000000000000000E+000
  0.234607407915624       0.000000000000000E+000
  0.281528889498748       0.000000000000000E+000
  0.328450371081873       0.000000000000000E+000
  0.375371852664998       0.000000000000000E+000
  0.422293334248122       0.000000000000000E+000
  0.469214815831247       0.000000000000000E+000
  0.516136297414372       0.000000000000000E+000
  0.563057778997497       0.000000000000000E+000
  0.609979260580621       0.000000000000000E+000
  0.656900742163746       0.000000000000000E+000
  0.703822223746871       0.000000000000000E+000
  0.750743705329995       0.000000000000000E+000
  0.797665186913120       0.000000000000000E+000
  0.844586668496245       0.000000000000000E+000
  0.891508150079370       0.000000000000000E+000
  0.938429631662494       0.000000000000000E+000
  0.985351113245619       0.000000000000000E+000
   1.03227259482874       0.000000000000000E+000
   1.07919407641187       0.000000000000000E+000
   1.12611555799499       0.000000000000000E+000
   1.17303703957812       0.000000000000000E+000
   1.21995852116124       0.000000000000000E+000
   1.26688000274437       0.000000000000000E+000
   1.31380148432749       0.000000000000000E+000
   1.36072296591062       0.000000000000000E+000
   1.40764444749374       0.000000000000000E+000
   1.45456592907687       0.000000000000000E+000
   1.50148741065999       0.000000000000000E+000
   1.54840889224312       0.000000000000000E+000
   1.59533037382624       0.000000000000000E+000
   1.64225185540937       0.000000000000000E+000
   1.68917333699249       0.000000000000000E+000
   1.73609481857561       0.000000000000000E+000
   1.78301630015874       0.000000000000000E+000
   1.82993778174186       0.000000000000000E+000
   1.87685926332499       0.000000000000000E+000
   1.92378074490811       0.000000000000000E+000
   1.97070222649124       0.000000000000000E+000
   2.01762370807436       0.000000000000000E+000
   2.06454518965749       0.000000000000000E+000
   2.11146667124061       0.000000000000000E+000
   2.15838815282374       0.000000000000000E+000
   2.20530963440686       0.000000000000000E+000
   2.25223111598999       0.000000000000000E+000
   2.29915259757311       0.000000000000000E+000
   2.34607407915624        34.1138166850646     
   2.39299556073936       0.000000000000000E+000
   2.43991704232249       0.000000000000000E+000
   2.48683852390561       0.000000000000000E+000
   2.53376000548873       0.000000000000000E+000
   2.58068148707186       0.000000000000000E+000
   2.62760296865498       0.000000000000000E+000
   2.67452445023811       0.000000000000000E+000
   2.72144593182123       0.000000000000000E+000
   2.76836741340436       0.000000000000000E+000
   2.81528889498748       0.000000000000000E+000
   2.86221037657061       0.000000000000000E+000
   2.90913185815373       0.000000000000000E+000
   2.95605333973686       0.000000000000000E+000
   3.00297482131998       0.000000000000000E+000
   3.04989630290311       0.000000000000000E+000
   3.09681778448623       0.000000000000000E+000
   3.14373926606936       0.000000000000000E+000
   3.19066074765248       0.000000000000000E+000
   3.23758222923561       0.000000000000000E+000
   3.28450371081873       0.000000000000000E+000
   3.33142519240185        8.50899170168316     
   3.37834667398498       0.000000000000000E+000
   3.42526815556810       0.000000000000000E+000
   3.47218963715123       0.000000000000000E+000
   3.51911111873435       0.000000000000000E+000
   3.56603260031748       0.000000000000000E+000
   3.61295408190060       0.000000000000000E+000
   3.65987556348373       0.000000000000000E+000
   3.70679704506685       0.000000000000000E+000
   3.75371852664998       0.000000000000000E+000
   3.80064000823310       0.000000000000000E+000
   3.84756148981623       0.000000000000000E+000
   3.89448297139935       0.000000000000000E+000
   3.94140445298248       0.000000000000000E+000
   3.98832593456560       0.000000000000000E+000
   4.03524741614873       0.000000000000000E+000
   4.08216889773185        22.7267022036161     
   4.12909037931497       0.000000000000000E+000
   4.17601186089810       0.000000000000000E+000
   4.22293334248122       0.000000000000000E+000
   4.26985482406435       0.000000000000000E+000
   4.31677630564747       0.000000000000000E+000
   4.36369778723060       0.000000000000000E+000
   4.41061926881372       0.000000000000000E+000
   4.45754075039685       0.000000000000000E+000
   4.50446223197997       0.000000000000000E+000
   4.55138371356310       0.000000000000000E+000
   4.59830519514622       0.000000000000000E+000
   4.64522667672935       0.000000000000000E+000
   4.69214815831247       0.000000000000000E+000
   4.73906963989560        8.44484458075611     
   4.78599112147872       0.000000000000000E+000
   4.83291260306185       0.000000000000000E+000
   4.87983408464497       0.000000000000000E+000
   4.92675556622810       0.000000000000000E+000
   4.97367704781122       0.000000000000000E+000
   5.02059852939434       0.000000000000000E+000
   5.06752001097747       0.000000000000000E+000
   5.11444149256059       0.000000000000000E+000
   5.16136297414372       0.000000000000000E+000
   5.20828445572684       0.000000000000000E+000
   5.25520593730997        13.7483110673143     
   5.30212741889309       0.000000000000000E+000
   5.34904890047622       0.000000000000000E+000
   5.39597038205934       0.000000000000000E+000
   5.44289186364247       0.000000000000000E+000
   5.48981334522559       0.000000000000000E+000
   5.53673482680872       0.000000000000000E+000
   5.58365630839184       0.000000000000000E+000
   5.63057778997497       0.000000000000000E+000
   5.67749927155809       0.000000000000000E+000
   5.72442075314122       0.000000000000000E+000
   5.77134223472434        3.80276695671233     
   5.81826371630746       0.000000000000000E+000
   5.86518519789059       0.000000000000000E+000
   5.91210667947371       0.000000000000000E+000
   5.95902816105684       0.000000000000000E+000
   6.00594964263996       0.000000000000000E+000
   6.05287112422309       0.000000000000000E+000
   6.09979260580621       0.000000000000000E+000
   6.14671408738934       0.000000000000000E+000
   6.19363556897246       0.000000000000000E+000
   6.24055705055559        19.5264227622593     
   6.28747853213871       0.000000000000000E+000
   6.33440001372184       0.000000000000000E+000
   6.38132149530496       0.000000000000000E+000
   6.42824297688809       0.000000000000000E+000
   6.47516445847121       0.000000000000000E+000
   6.52208594005434       0.000000000000000E+000
   6.56900742163746       0.000000000000000E+000
   6.61592890322058       0.000000000000000E+000
   6.66285038480371        2.14222829870344     
   6.70977186638683       0.000000000000000E+000
   6.75669334796996       0.000000000000000E+000
   6.80361482955308       0.000000000000000E+000
   6.85053631113621       0.000000000000000E+000
   6.89745779271933       0.000000000000000E+000
   6.94437927430246       0.000000000000000E+000
   6.99130075588558       0.000000000000000E+000
   7.03822223746871       0.000000000000000E+000
   7.08514371905183        11.3716025149555     
   7.13206520063496       0.000000000000000E+000
   7.17898668221808       0.000000000000000E+000
   7.22590816380121       0.000000000000000E+000
   7.27282964538433       0.000000000000000E+000
   7.31975112696746       0.000000000000000E+000
   7.36667260855058       0.000000000000000E+000
   7.41359409013370       0.000000000000000E+000
   7.46051557171683        6.83965910974513     
   7.50743705329995       0.000000000000000E+000
   7.55435853488308       0.000000000000000E+000
   7.60128001646620       0.000000000000000E+000
   7.64820149804933       0.000000000000000E+000
   7.69512297963245       0.000000000000000E+000
   7.74204446121558       0.000000000000000E+000
   7.78896594279870       0.000000000000000E+000
   7.83588742438183        6.20192259519370     
   7.88280890596495       0.000000000000000E+000
   7.92973038754808       0.000000000000000E+000
   7.97665186913120       0.000000000000000E+000
   8.02357335071433       0.000000000000000E+000
   8.07049483229745       0.000000000000000E+000
   8.11741631388058       0.000000000000000E+000
   8.16433779546370        5.71432850121902     
   8.21125927704682       0.000000000000000E+000
   8.25818075862995       0.000000000000000E+000
   8.30510224021307       0.000000000000000E+000
   8.35202372179620       0.000000000000000E+000
   8.39894520337932       0.000000000000000E+000
   8.44586668496245       0.000000000000000E+000
   8.49278816654557       0.000000000000000E+000
   8.53970964812870        15.6729838043273     
   8.58663112971182       0.000000000000000E+000
   8.63355261129495       0.000000000000000E+000
   8.68047409287807       0.000000000000000E+000
   8.72739557446120       0.000000000000000E+000
   8.77431705604432       0.000000000000000E+000
   8.82123853762745       0.000000000000000E+000
   8.86816001921057       0.000000000000000E+000
   8.91508150079370       0.000000000000000E+000
   8.96200298237682       0.000000000000000E+000
   9.00892446395995       0.000000000000000E+000
   9.05584594554307       0.000000000000000E+000
   9.10276742712620       0.000000000000000E+000
   9.14968890870932        9.10526897401659     
   9.19661039029245       0.000000000000000E+000
   9.24353187187557       0.000000000000000E+000
   9.29045335345869       0.000000000000000E+000
   9.33737483504182       0.000000000000000E+000
   9.38429631662494       0.000000000000000E+000
   9.43121779820807       0.000000000000000E+000
   9.47813927979119        2.12166260055300     
   9.52506076137432       0.000000000000000E+000
   9.57198224295744       0.000000000000000E+000
   9.61890372454057       0.000000000000000E+000
   9.66582520612369       0.000000000000000E+000
   9.71274668770682       0.000000000000000E+000
   9.75966816928994        8.00523893226893     
   9.80658965087307       0.000000000000000E+000
   9.85351113245619       0.000000000000000E+000
   9.90043261403932       0.000000000000000E+000
   9.94735409562244       0.000000000000000E+000
   9.99427557720557       0.000000000000000E+000
   10.0411970587887        4.72728610705981     
   10.0881185403718       0.000000000000000E+000
   10.1350400219549       0.000000000000000E+000
   10.1819615035381       0.000000000000000E+000
   10.2288829851212       0.000000000000000E+000
   10.2758044667043       0.000000000000000E+000
   10.3227259482874        10.7364468140529     
   10.3696474298706       0.000000000000000E+000
   10.4165689114537       0.000000000000000E+000
   10.4634903930368       0.000000000000000E+000
   10.5104118746199       0.000000000000000E+000
   10.5573333562031        3.42186955781908     
   10.6042548377862       0.000000000000000E+000
   10.6511763193693       0.000000000000000E+000
   10.6980978009524       0.000000000000000E+000
   10.7450192825356       0.000000000000000E+000
   10.7919407641187       0.000000000000000E+000
   10.8388622457018        6.49358581034424     
   10.8857837272849       0.000000000000000E+000
   10.9327052088681       0.000000000000000E+000
   10.9796266904512       0.000000000000000E+000
   11.0265481720343       0.000000000000000E+000
   11.0734696536174        3.11095921211260     
   11.1203911352006       0.000000000000000E+000
   11.1673126167837       0.000000000000000E+000
   11.2142340983668       0.000000000000000E+000
   11.2611555799499       0.000000000000000E+000
   11.3080770615331       0.000000000000000E+000
   11.3549985431162        5.91783904131481     
   11.4019200246993       0.000000000000000E+000
   11.4488415062824       0.000000000000000E+000
   11.4957629878656       0.000000000000000E+000
   11.5426844694487       0.000000000000000E+000
   11.5896059510318       0.946858325605984     
   11.6365274326149       0.000000000000000E+000
   11.6834489141981       0.000000000000000E+000
   11.7303703957812       0.000000000000000E+000
